1.200080000000000036e-01 6.094700000000000273e+01
1.205180000000000001e-01 6.093999999999999773e+01
1.210289999999999977e-01 6.093299999999999983e+01
1.215389999999999943e-01 6.093299999999999983e+01
1.220490000000000047e-01 6.093299999999999983e+01
1.225600000000000023e-01 6.015899999999999892e+01
1.230060000000000042e-01 5.919899999999999807e+01
1.235170000000000018e-01 5.840299999999999869e+01
1.240269999999999984e-01 5.778199999999999648e+01
1.245379999999999959e-01 5.732200000000000273e+01
1.250479999999999925e-01 5.714000000000000057e+01
1.255580000000000029e-01 5.724399999999999977e+01
1.260050000000000059e-01 5.695199999999999818e+01
1.265149999999999886e-01 5.682800000000000296e+01
1.270260000000000000e-01 5.620799999999999841e+01
1.275360000000000105e-01 5.583100000000000307e+01
1.280469999999999942e-01 5.597200000000000131e+01
1.285570000000000046e-01 5.614300000000000068e+01
1.290040000000000076e-01 5.615999999999999659e+01
1.295139999999999902e-01 5.613000000000000256e+01
1.300240000000000007e-01 5.570199999999999818e+01
1.305350000000000121e-01 5.560900000000000176e+01
1.310449999999999948e-01 5.568999999999999773e+01
1.315560000000000063e-01 5.586299999999999955e+01
1.320020000000000082e-01 5.616899999999999693e+01
1.325129999999999919e-01 5.623899999999999721e+01
1.330230000000000024e-01 5.611599999999999966e+01
1.335330000000000128e-01 5.600200000000000244e+01
1.340439999999999965e-01 5.581499999999999773e+01
1.345540000000000069e-01 5.588199999999999790e+01
1.350010000000000099e-01 5.589300000000000068e+01
1.355109999999999926e-01 5.586699999999999733e+01
1.360220000000000040e-01 5.558100000000000307e+01
1.365319999999999867e-01 5.529299999999999926e+01
1.370419999999999972e-01 5.500500000000000256e+01
1.375530000000000086e-01 5.482099999999999795e+01
1.380629999999999913e-01 5.479200000000000159e+01
1.385099999999999942e-01 5.461699999999999733e+01
1.390200000000000047e-01 5.462700000000000244e+01
1.395309999999999884e-01 5.463700000000000045e+01
1.400409999999999988e-01 5.463400000000000034e+01
1.405510000000000093e-01 5.460000000000000142e+01
1.410619999999999929e-01 5.437599999999999767e+01
1.415079999999999949e-01 5.415500000000000114e+01
1.420190000000000063e-01 5.409400000000000119e+01
1.425289999999999890e-01 5.417999999999999972e+01
1.430400000000000005e-01 5.429899999999999949e+01
1.435500000000000109e-01 5.426100000000000279e+01
1.440599999999999936e-01 5.421099999999999852e+01
1.445069999999999966e-01 5.405599999999999739e+01
1.450170000000000070e-01 5.383500000000000085e+01
1.455279999999999907e-01 5.379999999999999716e+01
1.460380000000000011e-01 5.379699999999999704e+01
1.465490000000000126e-01 5.384700000000000131e+01
1.470589999999999953e-01 5.385799999999999699e+01
1.475059999999999982e-01 5.378699999999999903e+01
1.480160000000000087e-01 5.373599999999999710e+01
1.485259999999999914e-01 5.369400000000000261e+01
1.490370000000000028e-01 5.384100000000000108e+01
1.495470000000000133e-01 5.392900000000000205e+01
1.500579999999999969e-01 5.394299999999999784e+01
1.505039999999999989e-01 5.391299999999999670e+01
1.510150000000000103e-01 5.379999999999999716e+01
1.515249999999999930e-01 5.370700000000000074e+01
1.520350000000000035e-01 5.368699999999999761e+01
1.525459999999999872e-01 5.382200000000000273e+01
1.530559999999999976e-01 5.387700000000000244e+01
1.535030000000000006e-01 5.381900000000000261e+01
1.540130000000000110e-01 5.382399999999999807e+01
1.545239999999999947e-01 5.377600000000000335e+01
1.550340000000000051e-01 5.359899999999999665e+01
1.555439999999999878e-01 5.365699999999999648e+01
1.560549999999999993e-01 5.374000000000000199e+01
1.565010000000000012e-01 5.382300000000000040e+01
1.570120000000000127e-01 5.381000000000000227e+01
1.575219999999999954e-01 5.384300000000000352e+01
1.580330000000000068e-01 5.377700000000000102e+01
1.585429999999999895e-01 5.347500000000000142e+01
1.590529999999999999e-01 5.332099999999999795e+01
1.595000000000000029e-01 5.332000000000000028e+01
1.600100000000000133e-01 5.338799999999999812e+01
1.605209999999999970e-01 5.340500000000000114e+01
1.610310000000000075e-01 5.333599999999999852e+01
1.615419999999999912e-01 5.326100000000000279e+01
1.620520000000000016e-01 5.296800000000000352e+01
1.625620000000000120e-01 5.303999999999999915e+01
1.630089999999999872e-01 5.311399999999999721e+01
1.635189999999999977e-01 5.324600000000000222e+01
1.640300000000000091e-01 5.326800000000000068e+01
1.645399999999999918e-01 5.331700000000000017e+01
1.650510000000000033e-01 5.323700000000000188e+01
1.655610000000000137e-01 5.331600000000000250e+01
1.660079999999999889e-01 5.336200000000000188e+01
1.665179999999999993e-01 5.347200000000000131e+01
1.670280000000000098e-01 5.354500000000000171e+01
1.675389999999999935e-01 5.348400000000000176e+01
1.680490000000000039e-01 5.349399999999999977e+01
1.685599999999999876e-01 5.327000000000000313e+01
1.690059999999999896e-01 5.312599999999999767e+01
1.695170000000000010e-01 5.316599999999999682e+01
1.700270000000000115e-01 5.322200000000000131e+01
1.705369999999999941e-01 5.332699999999999818e+01
1.710480000000000056e-01 5.325300000000000011e+01
1.715579999999999883e-01 5.311899999999999977e+01
1.720049999999999912e-01 5.298100000000000165e+01
1.725150000000000017e-01 5.302300000000000324e+01
1.730260000000000131e-01 5.304800000000000182e+01
1.735359999999999958e-01 5.307800000000000296e+01
1.740460000000000063e-01 5.308599999999999852e+01
1.745569999999999899e-01 5.310300000000000153e+01
1.750029999999999919e-01 5.295400000000000063e+01
1.755140000000000033e-01 5.286599999999999966e+01
1.760240000000000138e-01 5.278099999999999881e+01
1.765349999999999975e-01 5.284499999999999886e+01
1.770450000000000079e-01 5.295900000000000318e+01
1.775549999999999906e-01 5.304899999999999949e+01
1.780019999999999936e-01 5.300399999999999778e+01
1.785120000000000040e-01 5.287199999999999989e+01
1.790229999999999877e-01 5.281700000000000017e+01
1.795329999999999981e-01 5.283299999999999841e+01
1.800440000000000096e-01 5.294100000000000250e+01
1.805539999999999923e-01 5.300300000000000011e+01
1.810009999999999952e-01 5.292499999999999716e+01
1.815110000000000057e-01 5.283899999999999864e+01
1.820209999999999884e-01 5.290299999999999869e+01
1.825319999999999998e-01 5.291100000000000136e+01
1.830420000000000103e-01 5.302300000000000324e+01
1.835529999999999939e-01 5.307099999999999795e+01
1.840630000000000044e-01 5.309000000000000341e+01
1.845100000000000073e-01 5.301299999999999812e+01
1.850199999999999900e-01 5.297699999999999676e+01
1.855300000000000005e-01 5.295100000000000051e+01
1.860410000000000119e-01 5.292000000000000171e+01
1.865509999999999946e-01 5.298100000000000165e+01
1.870620000000000061e-01 5.295400000000000063e+01
1.875080000000000080e-01 5.306300000000000239e+01
1.880189999999999917e-01 5.291299999999999670e+01
1.885290000000000021e-01 5.277000000000000313e+01
1.890390000000000126e-01 5.273700000000000188e+01
1.895499999999999963e-01 5.271500000000000341e+01
1.900600000000000067e-01 5.279599999999999937e+01
1.905070000000000097e-01 5.287100000000000222e+01
1.910169999999999924e-01 5.281600000000000250e+01
1.915280000000000038e-01 5.269599999999999795e+01
1.920379999999999865e-01 5.261399999999999721e+01
1.925479999999999969e-01 5.257999999999999829e+01
1.930590000000000084e-01 5.263100000000000023e+01
1.935050000000000103e-01 5.266400000000000148e+01
1.940159999999999940e-01 5.268800000000000239e+01
1.945260000000000045e-01 5.267699999999999960e+01
1.950369999999999882e-01 5.269599999999999795e+01
1.955469999999999986e-01 5.267699999999999960e+01
1.960570000000000090e-01 5.276200000000000045e+01
1.965040000000000120e-01 5.284199999999999875e+01
1.970139999999999947e-01 5.284799999999999898e+01
1.975250000000000061e-01 5.276200000000000045e+01
1.980349999999999888e-01 5.276800000000000068e+01
1.985460000000000003e-01 5.274600000000000222e+01
1.990560000000000107e-01 5.271699999999999875e+01
1.995030000000000137e-01 5.268099999999999739e+01
2.000129999999999963e-01 5.272099999999999653e+01
2.005230000000000068e-01 5.282800000000000296e+01
2.010339999999999905e-01 5.267699999999999960e+01
2.015440000000000009e-01 5.253799999999999670e+01
2.020550000000000124e-01 5.249799999999999756e+01
2.025009999999999866e-01 5.250999999999999801e+01
2.030119999999999980e-01 5.255400000000000205e+01
2.035220000000000085e-01 5.256000000000000227e+01
2.040319999999999911e-01 5.255400000000000205e+01
2.045430000000000026e-01 5.252799999999999869e+01
2.050530000000000130e-01 5.246500000000000341e+01
2.055639999999999967e-01 5.235399999999999920e+01
2.060099999999999987e-01 5.242999999999999972e+01
2.065210000000000101e-01 5.239099999999999824e+01
2.070309999999999928e-01 5.235900000000000176e+01
2.075410000000000033e-01 5.237599999999999767e+01
2.080519999999999869e-01 5.236299999999999955e+01
2.085619999999999974e-01 5.228600000000000136e+01
2.090090000000000003e-01 5.222999999999999687e+01
2.095190000000000108e-01 5.217999999999999972e+01
2.100299999999999945e-01 5.224399999999999977e+01
2.105400000000000049e-01 5.229099999999999682e+01
2.110499999999999876e-01 5.224799999999999756e+01
2.115609999999999991e-01 5.218999999999999773e+01
2.120070000000000010e-01 5.211500000000000199e+01
2.125180000000000125e-01 5.202799999999999869e+01
2.130279999999999951e-01 5.208800000000000097e+01
2.135390000000000066e-01 5.213400000000000034e+01
2.140489999999999893e-01 5.206600000000000250e+01
2.145589999999999997e-01 5.197200000000000131e+01
2.150060000000000027e-01 5.184199999999999875e+01
2.155160000000000131e-01 5.164699999999999847e+01
2.160269999999999968e-01 5.170199999999999818e+01
2.165370000000000072e-01 5.175999999999999801e+01
2.170479999999999909e-01 5.178199999999999648e+01
2.175580000000000014e-01 5.175600000000000023e+01
2.180050000000000043e-01 5.156499999999999773e+01
2.185149999999999870e-01 5.108200000000000074e+01
