1.200080000000000036e-01 6.093500000000000227e+01
1.205180000000000001e-01 6.093599999999999994e+01
1.210289999999999977e-01 6.093299999999999983e+01
1.215389999999999943e-01 6.093299999999999983e+01
1.220490000000000047e-01 6.093299999999999983e+01
1.225600000000000023e-01 6.079099999999999682e+01
1.230060000000000042e-01 5.958100000000000307e+01
1.235170000000000018e-01 5.918699999999999761e+01
1.240269999999999984e-01 5.853699999999999903e+01
1.245379999999999959e-01 5.863900000000000290e+01
1.250479999999999925e-01 5.898799999999999955e+01
1.255580000000000029e-01 5.901500000000000057e+01
1.260050000000000059e-01 5.904800000000000182e+01
1.265149999999999886e-01 5.917799999999999727e+01
1.270260000000000000e-01 5.911999999999999744e+01
1.275360000000000105e-01 5.889300000000000068e+01
1.280469999999999942e-01 5.914099999999999824e+01
1.285570000000000046e-01 5.871099999999999852e+01
1.290040000000000076e-01 5.826500000000000057e+01
1.295139999999999902e-01 5.784599999999999653e+01
1.300240000000000007e-01 5.743800000000000239e+01
1.305350000000000121e-01 5.728699999999999903e+01
1.310449999999999948e-01 5.711800000000000210e+01
1.315560000000000063e-01 5.716199999999999903e+01
1.320020000000000082e-01 5.691299999999999670e+01
1.325129999999999919e-01 5.648599999999999710e+01
1.330230000000000024e-01 5.587599999999999767e+01
1.335330000000000128e-01 5.546399999999999864e+01
1.340439999999999965e-01 5.497800000000000153e+01
1.345540000000000069e-01 5.432699999999999818e+01
1.350010000000000099e-01 5.381700000000000017e+01
1.355109999999999926e-01 5.299499999999999744e+01
1.360220000000000040e-01 5.242099999999999937e+01
1.365319999999999867e-01 5.208500000000000085e+01
1.370419999999999972e-01 5.174399999999999977e+01
1.375530000000000086e-01 5.189500000000000313e+01
1.380629999999999913e-01 5.205700000000000216e+01
1.385099999999999942e-01 5.225900000000000034e+01
1.390200000000000047e-01 5.246600000000000108e+01
1.395309999999999884e-01 5.285199999999999676e+01
1.400409999999999988e-01 5.306000000000000227e+01
1.405510000000000093e-01 5.304999999999999716e+01
1.410619999999999929e-01 5.322800000000000153e+01
1.415079999999999949e-01 5.356099999999999994e+01
1.420190000000000063e-01 5.398400000000000176e+01
1.425289999999999890e-01 5.418399999999999750e+01
1.430400000000000005e-01 5.451899999999999835e+01
1.435500000000000109e-01 5.485699999999999932e+01
1.440599999999999936e-01 5.524799999999999756e+01
1.445069999999999966e-01 5.567099999999999937e+01
1.450170000000000070e-01 5.614900000000000091e+01
1.455279999999999907e-01 5.656099999999999994e+01
1.460380000000000011e-01 5.701899999999999835e+01
1.465490000000000126e-01 5.721000000000000085e+01
1.470589999999999953e-01 5.732300000000000040e+01
1.475059999999999982e-01 5.731400000000000006e+01
1.480160000000000087e-01 5.706700000000000017e+01
1.485259999999999914e-01 5.688700000000000045e+01
1.490370000000000028e-01 5.692199999999999704e+01
1.495470000000000133e-01 5.691299999999999670e+01
1.500579999999999969e-01 5.700800000000000267e+01
1.505039999999999989e-01 5.689200000000000301e+01
1.510150000000000103e-01 5.662800000000000011e+01
1.515249999999999930e-01 5.643900000000000006e+01
1.520350000000000035e-01 5.639000000000000057e+01
1.525459999999999872e-01 5.642999999999999972e+01
1.530559999999999976e-01 5.636999999999999744e+01
1.535030000000000006e-01 5.627199999999999847e+01
1.540130000000000110e-01 5.607500000000000284e+01
1.545239999999999947e-01 5.582200000000000273e+01
1.550340000000000051e-01 5.562700000000000244e+01
1.555439999999999878e-01 5.531900000000000261e+01
1.560549999999999993e-01 5.529299999999999926e+01
1.565010000000000012e-01 5.521999999999999886e+01
1.570120000000000127e-01 5.519200000000000017e+01
1.575219999999999954e-01 5.507000000000000028e+01
1.580330000000000068e-01 5.495600000000000307e+01
1.585429999999999895e-01 5.467499999999999716e+01
1.590529999999999999e-01 5.454299999999999926e+01
1.595000000000000029e-01 5.446300000000000097e+01
1.600100000000000133e-01 5.463300000000000267e+01
1.605209999999999970e-01 5.469500000000000028e+01
1.610310000000000075e-01 5.469500000000000028e+01
1.615419999999999912e-01 5.456600000000000250e+01
1.620520000000000016e-01 5.439900000000000091e+01
1.625620000000000120e-01 5.448499999999999943e+01
1.630089999999999872e-01 5.461399999999999721e+01
1.635189999999999977e-01 5.476599999999999824e+01
1.640300000000000091e-01 5.485699999999999932e+01
1.645399999999999918e-01 5.485399999999999920e+01
1.650510000000000033e-01 5.460699999999999932e+01
1.655610000000000137e-01 5.467000000000000171e+01
1.660079999999999889e-01 5.474499999999999744e+01
1.665179999999999993e-01 5.487899999999999778e+01
1.670280000000000098e-01 5.495300000000000296e+01
1.675389999999999935e-01 5.490299999999999869e+01
1.680490000000000039e-01 5.478999999999999915e+01
1.685599999999999876e-01 5.461899999999999977e+01
1.690059999999999896e-01 5.464500000000000313e+01
1.695170000000000010e-01 5.466299999999999670e+01
1.700270000000000115e-01 5.473499999999999943e+01
1.705369999999999941e-01 5.477700000000000102e+01
1.710480000000000056e-01 5.470799999999999841e+01
1.715579999999999883e-01 5.460699999999999932e+01
1.720049999999999912e-01 5.455199999999999960e+01
1.725150000000000017e-01 5.453099999999999881e+01
1.730260000000000131e-01 5.468200000000000216e+01
1.735359999999999958e-01 5.475500000000000256e+01
1.740460000000000063e-01 5.478600000000000136e+01
1.745569999999999899e-01 5.471600000000000108e+01
1.750029999999999919e-01 5.466799999999999926e+01
1.755140000000000033e-01 5.451800000000000068e+01
1.760240000000000138e-01 5.446600000000000108e+01
1.765349999999999975e-01 5.451299999999999812e+01
1.770450000000000079e-01 5.461899999999999977e+01
1.775549999999999906e-01 5.464600000000000080e+01
1.780019999999999936e-01 5.466299999999999670e+01
1.785120000000000040e-01 5.455400000000000205e+01
1.790229999999999877e-01 5.446200000000000330e+01
1.795329999999999981e-01 5.453499999999999659e+01
1.800440000000000096e-01 5.465400000000000347e+01
1.805539999999999923e-01 5.465800000000000125e+01
1.810009999999999952e-01 5.457099999999999795e+01
1.815110000000000057e-01 5.449799999999999756e+01
1.820209999999999884e-01 5.430599999999999739e+01
1.825319999999999998e-01 5.416799999999999926e+01
1.830420000000000103e-01 5.421999999999999886e+01
1.835529999999999939e-01 5.434499999999999886e+01
1.840630000000000044e-01 5.442900000000000205e+01
1.845100000000000073e-01 5.438900000000000290e+01
1.850199999999999900e-01 5.428999999999999915e+01
1.855300000000000005e-01 5.430199999999999960e+01
1.860410000000000119e-01 5.438700000000000045e+01
1.865509999999999946e-01 5.453000000000000114e+01
1.870620000000000061e-01 5.461200000000000188e+01
1.875080000000000080e-01 5.468299999999999983e+01
1.880189999999999917e-01 5.455799999999999983e+01
1.885290000000000021e-01 5.440999999999999659e+01
1.890390000000000126e-01 5.432999999999999829e+01
1.895499999999999963e-01 5.435699999999999932e+01
1.900600000000000067e-01 5.432200000000000273e+01
1.905070000000000097e-01 5.429999999999999716e+01
1.910169999999999924e-01 5.429599999999999937e+01
1.915280000000000038e-01 5.428699999999999903e+01
1.920379999999999865e-01 5.432600000000000051e+01
1.925479999999999969e-01 5.437199999999999989e+01
1.930590000000000084e-01 5.438600000000000279e+01
1.935050000000000103e-01 5.435600000000000165e+01
1.940159999999999940e-01 5.437400000000000233e+01
1.945260000000000045e-01 5.435799999999999699e+01
1.950369999999999882e-01 5.421300000000000097e+01
1.955469999999999986e-01 5.411999999999999744e+01
1.960570000000000090e-01 5.406499999999999773e+01
1.965040000000000120e-01 5.412599999999999767e+01
1.970139999999999947e-01 5.417499999999999716e+01
1.975250000000000061e-01 5.409499999999999886e+01
1.980349999999999888e-01 5.404699999999999704e+01
1.985460000000000003e-01 5.404899999999999949e+01
1.990560000000000107e-01 5.402600000000000335e+01
1.995030000000000137e-01 5.401800000000000068e+01
2.000129999999999963e-01 5.404200000000000159e+01
2.005230000000000068e-01 5.407600000000000051e+01
2.010339999999999905e-01 5.409499999999999886e+01
2.015440000000000009e-01 5.405700000000000216e+01
2.020550000000000124e-01 5.397399999999999665e+01
2.025009999999999866e-01 5.392699999999999960e+01
2.030119999999999980e-01 5.400300000000000011e+01
2.035220000000000085e-01 5.406199999999999761e+01
2.040319999999999911e-01 5.401500000000000057e+01
2.045430000000000026e-01 5.405599999999999739e+01
2.050530000000000130e-01 5.407300000000000040e+01
2.055639999999999967e-01 5.409300000000000352e+01
2.060099999999999987e-01 5.409899999999999665e+01
2.065210000000000101e-01 5.413400000000000034e+01
2.070309999999999928e-01 5.405700000000000216e+01
2.075410000000000033e-01 5.397500000000000142e+01
2.080519999999999869e-01 5.394899999999999807e+01
2.085619999999999974e-01 5.383299999999999841e+01
2.090090000000000003e-01 5.385900000000000176e+01
2.095190000000000108e-01 5.386200000000000188e+01
2.100299999999999945e-01 5.384300000000000352e+01
2.105400000000000049e-01 5.381799999999999784e+01
2.110499999999999876e-01 5.384300000000000352e+01
2.115609999999999991e-01 5.381700000000000017e+01
2.120070000000000010e-01 5.378499999999999659e+01
2.125180000000000125e-01 5.373400000000000176e+01
2.130279999999999951e-01 5.371300000000000097e+01
2.135390000000000066e-01 5.373499999999999943e+01
2.140489999999999893e-01 5.376700000000000301e+01
2.145589999999999997e-01 5.384000000000000341e+01
2.150060000000000027e-01 5.373400000000000176e+01
2.155160000000000131e-01 5.367300000000000182e+01
2.160269999999999968e-01 5.357999999999999829e+01
2.165370000000000072e-01 5.364500000000000313e+01
2.170479999999999909e-01 5.374499999999999744e+01
2.175580000000000014e-01 5.375399999999999778e+01
2.180050000000000043e-01 5.376400000000000290e+01
2.185149999999999870e-01 5.364500000000000313e+01
2.190249999999999975e-01 5.361800000000000210e+01
2.195360000000000089e-01 5.360799999999999699e+01
2.200459999999999916e-01 5.357500000000000284e+01
2.205570000000000030e-01 5.363400000000000034e+01
2.210030000000000050e-01 5.364300000000000068e+01
2.215139999999999887e-01 5.357600000000000051e+01
2.220239999999999991e-01 5.348400000000000176e+01
2.225340000000000096e-01 5.343299999999999983e+01
2.230449999999999933e-01 5.350600000000000023e+01
2.235550000000000037e-01 5.363300000000000267e+01
2.240020000000000067e-01 5.365100000000000335e+01
2.245119999999999894e-01 5.370400000000000063e+01
2.250230000000000008e-01 5.368399999999999750e+01
2.255330000000000112e-01 5.362199999999999989e+01
2.260429999999999939e-01 5.358500000000000085e+01
2.265540000000000054e-01 5.352199999999999847e+01
2.270000000000000073e-01 5.364200000000000301e+01
2.275109999999999910e-01 5.384899999999999665e+01
2.280210000000000015e-01 5.405199999999999960e+01
2.285320000000000129e-01 5.410699999999999932e+01
2.290419999999999956e-01 5.400000000000000000e+01
2.295520000000000060e-01 5.354399999999999693e+01
