0.0000 0.6493 0.0132 0.0150 0.0060 0.0253 0.0055 0.0150 0.0164 8960 us
0.2000 -0.0040 0.0225 0.0176 0.0168 0.0179 0.0109 0.0228 0.0231 
0.4000 0.0116 0.0234 0.0161 0.0171 0.0140 0.0098 0.0215 0.0217 
0.6000 0.0136 0.0260 0.0177 0.0176 0.0135 0.0104 0.0225 0.0226 
0.8000 0.0134 0.0276 0.0156 0.0135 0.0124 0.0097 0.0209 0.0222 
1.0000 0.0141 0.0287 0.0171 0.0121 0.0139 0.0113 0.0221 0.0230 
1.2000 0.0145 0.0288 0.0166 0.0088 0.0162 0.0118 0.0217 0.0222 
1.4000 0.0139 0.0285 0.0159 0.0065 0.0176 0.0126 0.0213 0.0217 
1.6000 0.0126 0.0271 0.0137 0.0051 0.0218 0.0133 0.0206 0.0207 
1.8000 0.0139 0.0268 0.0145 0.0071 0.0266 0.0149 0.0210 0.0208 
2.0000 0.0131 0.0245 0.0127 0.0085 0.0329 0.0153 0.0202 0.0209 
2.2000 0.0143 0.0247 0.0136 0.0104 0.0360 0.0156 0.0213 0.0215 
2.4000 0.0135 0.0245 0.0119 0.0156 0.0389 0.0153 0.0203 0.0202 
2.6000 0.0147 0.0244 0.0131 0.0194 0.0394 0.0141 0.0210 0.0213 
2.8000 0.0130 0.0248 0.0133 0.0224 0.0347 0.0127 0.0201 0.0213 
3.0000 0.0159 0.0269 0.0141 0.0241 0.0328 0.0132 0.0210 0.0217 
3.2000 0.0140 0.0274 0.0148 0.0227 0.0245 0.0116 0.0216 0.0218 
3.4000 0.0145 0.0293 0.0162 0.0215 0.0213 0.0108 0.0212 0.0218 
3.6000 0.0132 0.0288 0.0146 0.0164 0.0148 0.0089 0.0214 0.0214 
3.8000 0.0136 0.0304 0.0157 0.0141 0.0111 0.0098 0.0216 0.0232 
4.0000 0.0123 0.0262 0.0144 0.0069 0.0081 0.0084 0.0215 0.0222 
4.2000 0.0139 0.0273 0.0143 0.0050 0.0093 0.0095 0.0220 0.0219 
4.4000 0.0131 0.0225 0.0125 -0.0010 0.0115 0.0064 0.0208 0.0214 
4.6000 0.0142 0.0227 0.0145 -0.0008 0.0157 0.0094 0.0212 0.0225 
4.8000 0.0145 0.0180 0.0121 -0.0053 0.0206 0.0089 0.0207 0.0223 
5.0000 0.0147 0.0196 0.0141 -0.0025 0.0240 0.0106 0.0213 0.0232 
5.2000 0.0156 0.0177 0.0138 -0.0018 0.0302 0.0109 0.0195 0.0227 
5.4000 0.0158 0.0200 0.0160 0.0028 0.0327 0.0112 0.0199 0.0229 
5.6000 0.0161 0.0219 0.0170 0.0081 0.0331 0.0119 0.0200 0.0215 
5.8000 0.0178 0.0247 0.0180 0.0137 0.0324 0.0133 0.0214 0.0221 
6.0000 0.0173 0.0273 0.0201 0.0184 0.0301 0.0123 0.0198 0.0215 
6.2000 0.0173 0.0308 0.0227 0.0218 0.0304 0.0134 0.0211 0.0226 
6.4000 0.0175 0.0303 0.0235 0.0231 0.0273 0.0127 0.0206 0.0223 
6.6000 0.0185 0.0313 0.0257 0.0249 0.0276 0.0134 0.0213 0.0223 
6.8000 0.0189 0.0300 0.0245 0.0206 0.0231 0.0123 0.0201 0.0217 
7.0000 0.0177 0.0293 0.0253 0.0184 0.0229 0.0134 0.0204 0.0215 
7.2000 0.0164 0.0260 0.0235 0.0101 0.0187 0.0111 0.0199 0.0200 
7.4000 0.0168 0.0256 0.0244 0.0057 0.0177 0.0113 0.0209 0.0208 
7.6000 0.0152 0.0233 0.0203 -0.0003 0.0158 0.0099 0.0197 0.0209 
7.8000 0.0161 0.0228 0.0200 -0.0026 0.0164 0.0099 0.0213 0.0202 
8.0000 0.0155 0.0209 0.0179 -0.0043 0.0138 0.0083 0.0191 0.0210 
8.2000 0.0172 0.0223 0.0177 -0.0015 0.0163 0.0088 0.0203 0.0214 
8.4000 0.0180 0.0217 0.0148 0.0011 0.0191 0.0084 0.0196 0.0223 
8.6000 0.0192 0.0239 0.0166 0.0069 0.0222 0.0092 0.0200 0.0215 
8.8000 0.0212 0.0253 0.0144 0.0137 0.0270 0.0092 0.0192 0.0217 
9.0000 0.0246 0.0267 0.0153 0.0170 0.0303 0.0106 0.0207 0.0213 
9.2000 0.0259 0.0260 0.0153 0.0194 0.0343 0.0109 0.0201 0.0207 
9.4000 0.0301 0.0263 0.0174 0.0224 0.0368 0.0131 0.0207 0.0224 
9.6000 0.0322 0.0231 0.0172 0.0191 0.0364 0.0136 0.0207 0.0209 
9.8000 0.0336 0.0225 0.0188 0.0179 0.0366 0.0152 0.0205 0.0219 
10.0000 0.0371 0.0189 0.0180 0.0137 0.0321 0.0144 0.0199 0.0216 
10.2000 0.0389 0.0180 0.0205 0.0126 0.0302 0.0156 0.0198 0.0217 
10.4000 0.0411 0.0148 0.0189 0.0095 0.0203 0.0158 0.0194 0.0222 
10.6000 0.0439 0.0149 0.0194 0.0114 0.0169 0.0165 0.0204 0.0223 
10.8000 0.0468 0.0134 0.0181 0.0115 0.0088 0.0152 0.0208 0.0223 
11.0000 0.0475 0.0156 0.0197 0.0144 0.0060 0.0142 0.0214 0.0215 
11.2000 0.0499 0.0175 0.0177 0.0168 0.0014 0.0130 0.0207 0.0223 
11.4000 0.0521 0.0205 0.0184 0.0185 0.0021 0.0124 0.0212 0.0228 
11.6000 0.0557 0.0252 0.0172 0.0200 0.0013 0.0107 0.0205 0.0215 
11.8000 0.0571 0.0295 0.0199 0.0207 0.0046 0.0104 0.0210 0.0220 
12.0000 0.0605 0.0333 0.0202 0.0182 0.0117 0.0098 0.0210 0.0215 
12.2000 0.0639 0.0356 0.0221 0.0173 0.0150 0.0103 0.0208 0.0216 
12.4000 0.0664 0.0367 0.0221 0.0129 0.0234 0.0077 0.0204 0.0222 
12.6000 0.0702 0.0355 0.0236 0.0111 0.0295 0.0089 0.0209 0.0217 
12.8000 0.0750 0.0292 0.0228 0.0066 0.0353 0.0082 0.0206 0.0213 
13.0000 0.0807 0.0266 0.0229 0.0057 0.0378 0.0087 0.0212 0.0215 
13.2000 0.0859 0.0183 0.0205 0.0052 0.0373 0.0091 0.0195 0.0204 
13.4000 0.0892 0.0149 0.0202 0.0062 0.0372 0.0116 0.0203 0.0206 
13.6000 0.0963 0.0095 0.0177 0.0085 0.0308 0.0109 0.0196 0.0208 
13.8000 0.1021 0.0097 0.0186 0.0125 0.0274 0.0122 0.0196 0.0212 
14.0000 0.1099 0.0096 0.0160 0.0163 0.0204 0.0121 0.0183 0.0222 
14.2000 0.1160 0.0124 0.0168 0.0186 0.0175 0.0126 0.0192 0.0227 
14.4000 0.1254 0.0176 0.0153 0.0216 0.0120 0.0106 0.0187 0.0207 
14.6000 0.1310 0.0214 0.0156 0.0238 0.0120 0.0119 0.0195 0.0231 
14.8000 0.1398 0.0264 0.0157 0.0197 0.0101 0.0097 0.0199 0.0220 
15.0000 0.1463 0.0287 0.0169 0.0180 0.0119 0.0103 0.0198 0.0232 
15.2000 0.1552 0.0286 0.0163 0.0115 0.0136 0.0086 0.0197 0.0209 
15.4000 0.1627 0.0278 0.0166 0.0085 0.0153 0.0087 0.0202 0.0228 
15.6000 0.1719 0.0224 0.0147 -0.0009 0.0184 0.0060 0.0199 0.0215 
15.8000 0.1775 0.0201 0.0159 -0.0024 0.0203 0.0075 0.0213 0.0221 
16.0000 0.1860 0.0148 0.0147 -0.0068 0.0223 0.0058 0.0192 0.0213 
16.2000 0.1946 0.0130 0.0158 -0.0061 0.0253 0.0078 0.0208 0.0208 
16.4000 0.2034 0.0112 0.0149 -0.0037 0.0260 0.0081 0.0201 0.0215 
16.6000 0.2109 0.0146 0.0151 0.0007 0.0293 0.0092 0.0215 0.0210 
16.8000 0.2215 0.0186 0.0150 0.0062 0.0310 0.0090 0.0210 0.0203 
17.0000 0.2271 0.0235 0.0165 0.0120 0.0327 0.0106 0.0222 0.0214 
17.2000 0.2351 0.0274 0.0169 0.0174 0.0350 0.0111 0.0210 0.0212 
17.4000 0.2438 0.0332 0.0196 0.0213 0.0354 0.0128 0.0216 0.0216 
17.6000 0.2543 0.0359 0.0211 0.0236 0.0357 0.0127 0.0216 0.0203 
17.8000 0.2604 0.0383 0.0226 0.0235 0.0355 0.0135 0.0216 0.0212 
18.0000 0.2708 0.0329 0.0231 0.0190 0.0314 0.0124 0.0207 0.0201 
18.2000 0.2812 0.0290 0.0254 0.0143 0.0278 0.0128 0.0213 0.0204 
18.4000 0.2877 0.0231 0.0243 0.0101 0.0228 0.0122 0.0206 0.0203 
18.6000 0.2957 0.0176 0.0263 0.0085 0.0213 0.0116 0.0202 0.0198 
18.8000 0.3048 0.0102 0.0239 0.0028 0.0144 0.0102 0.0189 0.0204 
19.0000 0.3110 0.0095 0.0233 0.0043 0.0123 0.0102 0.0197 0.0210 
19.2000 0.3211 0.0078 0.0211 0.0041 0.0088 0.0094 0.0183 0.0203 
19.4000 0.3271 0.0100 0.0203 0.0050 0.0089 0.0092 0.0195 0.0213 
19.6000 0.3375 0.0141 0.0177 0.0085 0.0068 0.0087 0.0191 0.0219 
19.8000 0.3452 0.0198 0.0188 0.0120 0.0085 0.0090 0.0201 0.0222 
20.0000 0.3602 0.0283 0.0175 0.0139 0.0129 0.0096 0.0196 0.0238 
20.2000 0.3626 0.0300 0.0187 0.0150 0.0144 0.0105 0.0210 0.0239 
20.4000 0.3716 0.0336 0.0179 0.0140 0.0209 0.0107 0.0194 0.0229 
20.6000 0.3786 0.0362 0.0197 0.0137 0.0260 0.0114 0.0214 0.0231 
20.8000 0.3903 0.0355 0.0194 0.0105 0.0325 0.0115 0.0199 0.0216 
21.0000 0.3950 0.0359 0.0218 0.0102 0.0365 0.0115 0.0209 0.0218 
21.2000 0.4023 0.0320 0.0213 0.0080 0.0388 0.0113 0.0198 0.0213 
21.4000 0.4083 0.0299 0.0218 0.0085 0.0413 0.0122 0.0209 0.0210 
21.6000 0.4202 0.0226 0.0199 0.0063 0.0406 0.0114 0.0199 0.0208 
21.8000 0.4243 0.0189 0.0208 0.0069 0.0398 0.0125 0.0201 0.0216 
22.0000 0.4344 0.0135 0.0189 0.0085 0.0315 0.0103 0.0199 0.0208 
22.2000 0.4413 0.0118 0.0201 0.0098 0.0279 0.0118 0.0209 0.0214 
22.4000 0.4506 0.0083 0.0173 0.0108 0.0184 0.0104 0.0211 0.0210 
22.6000 0.4567 0.0100 0.0173 0.0130 0.0137 0.0115 0.0197 0.0207 
22.8000 0.4656 0.0110 0.0169 0.0130 0.0058 0.0094 0.0201 0.0209 
23.0000 0.4689 0.0139 0.0164 0.0142 0.0043 0.0103 0.0205 0.0213 
23.2000 0.4796 0.0196 0.0136 0.0146 0.0006 0.0092 0.0204 0.0215 
23.4000 0.4843 0.0222 0.0144 0.0148 0.0008 0.0103 0.0202 0.0216 
23.6000 0.4942 0.0288 0.0131 0.0132 0.0043 0.0108 0.0202 0.0215 
23.8000 0.4988 0.0314 0.0132 0.0129 0.0066 0.0110 0.0204 0.0225 
24.0000 0.5079 0.0325 0.0141 0.0111 0.0143 0.0101 0.0201 0.0219 
24.2000 0.5141 0.0327 0.0150 0.0109 0.0175 0.0110 0.0198 0.0223 
24.4000 0.5235 0.0306 0.0151 0.0072 0.0241 0.0110 0.0207 0.0217 
24.6000 0.5271 0.0304 0.0153 0.0062 0.0258 0.0116 0.0212 0.0222 
24.8000 0.5354 0.0255 0.0170 0.0063 0.0298 0.0121 0.0201 0.0225 
25.0000 0.5413 0.0228 0.0181 0.0059 0.0306 0.0124 0.0201 0.0230 
25.2000 0.5480 0.0191 0.0184 0.0099 0.0302 0.0130 0.0202 0.0218 
25.4000 0.5526 0.0192 0.0184 0.0125 0.0306 0.0128 0.0200 0.0214 
25.6000 0.5610 0.0196 0.0182 0.0182 0.0284 0.0142 0.0199 0.0219 
25.8000 0.5664 0.0200 0.0176 0.0197 0.0259 0.0139 0.0205 0.0221 
26.0000 0.5760 0.0212 0.0170 0.0226 0.0223 0.0143 0.0198 0.0218 
26.2000 0.5787 0.0233 0.0161 0.0222 0.0207 0.0151 0.0200 0.0229 
26.4000 0.5885 0.0243 0.0150 0.0208 0.0162 0.0150 0.0201 0.0223 
26.6000 0.5941 0.0247 0.0142 0.0189 0.0147 0.0147 0.0202 0.0212 
26.8000 0.6012 0.0248 0.0129 0.0117 0.0133 0.0137 0.0194 0.0223 
27.0000 0.6055 0.0242 0.0123 0.0096 0.0115 0.0136 0.0202 0.0220 
27.2000 0.6100 0.0215 0.0128 0.0024 0.0099 0.0127 0.0205 0.0216 
27.4000 0.6149 0.0208 0.0131 -0.0011 0.0106 0.0117 0.0205 0.0226 
27.6000 0.6195 0.0168 0.0137 -0.0029 0.0126 0.0104 0.0203 0.0214 
27.8000 0.6209 0.0172 0.0142 -0.0035 0.0138 0.0118 0.0207 0.0213 
28.0000 0.6277 0.0146 0.0147 -0.0007 0.0174 0.0096 0.0209 0.0220 
28.2000 0.6318 0.0157 0.0162 0.0009 0.0198 0.0094 0.0202 0.0210 
28.4000 0.6351 0.0167 0.0177 0.0074 0.0242 0.0093 0.0197 0.0214 
28.6000 0.6383 0.0186 0.0183 0.0097 0.0266 0.0107 0.0203 0.0215 
28.8000 0.6427 0.0232 0.0203 0.0146 0.0303 0.0105 0.0196 0.0208 
29.0000 0.6472 0.0265 0.0214 0.0175 0.0316 0.0113 0.0195 0.0210 
29.2000 0.6551 0.0284 0.0227 0.0204 0.0331 0.0123 0.0195 0.0204 
29.4000 0.6585 0.0303 0.0241 0.0205 0.0330 0.0125 0.0201 0.0206 
29.6000 0.6657 0.0284 0.0231 0.0194 0.0305 0.0136 0.0200 0.0202 
29.8000 0.6691 0.0277 0.0232 0.0177 0.0275 0.0149 0.0203 0.0210 
30.0000 0.6742 0.0240 0.0229 0.0139 0.0208 0.0145 0.0202 0.0205 
30.2000 0.6743 0.0234 0.0230 0.0127 0.0191 0.0146 0.0198 0.0212 
30.4000 0.6785 0.0184 0.0196 0.0104 0.0091 0.0141 0.0194 0.0203 
30.6000 0.6784 0.0172 0.0190 0.0081 0.0055 0.0133 0.0206 0.0201 
30.8000 0.6839 0.0155 0.0177 0.0056 0.0022 0.0121 0.0211 0.0208 
31.0000 0.6853 0.0156 0.0183 0.0057 0.0009 0.0125 0.0203 0.0212 
31.2000 0.6896 0.0178 0.0168 0.0023 0.0033 0.0104 0.0206 0.0214 
31.4000 0.6905 0.0187 0.0173 0.0035 0.0061 0.0100 0.0204 0.0217 
31.6000 0.6954 0.0206 0.0168 0.0021 0.0154 0.0097 0.0209 0.0209 
31.8000 0.6983 0.0232 0.0175 0.0027 0.0191 0.0094 0.0202 0.0214 
32.0000 0.7010 0.0276 0.0171 0.0038 0.0284 0.0087 0.0201 0.0210 
32.2000 0.7027 0.0306 0.0177 0.0057 0.0314 0.0089 0.0200 0.0215 
32.4000 0.7083 0.0328 0.0179 0.0084 0.0381 0.0096 0.0198 0.0210 
32.6000 0.7070 0.0329 0.0180 0.0102 0.0400 0.0096 0.0197 0.0216 
32.8000 0.7111 0.0315 0.0159 0.0147 0.0387 0.0091 0.0196 0.0209 
33.0000 0.7126 0.0298 0.0161 0.0162 0.0383 0.0105 0.0200 0.0220 
33.2000 0.7155 0.0241 0.0141 0.0197 0.0311 0.0100 0.0198 0.0225 
33.4000 0.7157 0.0223 0.0144 0.0211 0.0273 0.0109 0.0204 0.0228 
33.6000 0.7166 0.0170 0.0127 0.0207 0.0189 0.0100 0.0191 0.0211 
33.8000 0.7197 0.0148 0.0133 0.0204 0.0147 0.0103 0.0201 0.0222 
34.0000 0.7243 0.0129 0.0139 0.0187 0.0096 0.0110 0.0207 0.0220 
34.2000 0.7242 0.0128 0.0135 0.0187 0.0070 0.0114 0.0210 0.0220 
34.4000 0.7264 0.0143 0.0145 0.0143 0.0068 0.0105 0.0195 0.0228 
34.6000 0.7293 0.0144 0.0145 0.0136 0.0058 0.0107 0.0195 0.0215 
34.8000 0.7327 0.0220 0.0155 0.0092 0.0104 0.0114 0.0209 0.0207 
35.0000 0.7335 0.0240 0.0168 0.0077 0.0119 0.0124 0.0202 0.0220 
35.2000 0.7375 0.0271 0.0175 0.0039 0.0172 0.0118 0.0193 0.0215 
35.4000 0.7395 0.0301 0.0188 0.0035 0.0198 0.0123 0.0202 0.0209 
35.6000 0.7416 0.0309 0.0192 0.0007 0.0253 0.0125 0.0197 0.0214 
35.8000 0.7430 0.0328 0.0195 0.0004 0.0273 0.0136 0.0199 0.0220 
36.0000 0.7437 0.0328 0.0208 -0.0011 0.0296 0.0135 0.0200 0.0218 
36.2000 0.7443 0.0328 0.0207 0.0000 0.0301 0.0143 0.0195 0.0225 
36.4000 0.7462 0.0312 0.0206 0.0005 0.0295 0.0136 0.0201 0.0215 
36.6000 0.7444 0.0300 0.0215 0.0029 0.0285 0.0145 0.0203 0.0214 
36.8000 0.7474 0.0269 0.0197 0.0065 0.0246 0.0148 0.0205 0.0209 
37.0000 0.7487 0.0248 0.0195 0.0089 0.0228 0.0149 0.0207 0.0211 
37.2000 0.7500 0.0197 0.0199 0.0125 0.0192 0.0154 0.0204 0.0222 
37.4000 0.7520 0.0189 0.0203 0.0136 0.0186 0.0157 0.0206 0.0214 
37.6000 0.7544 0.0159 0.0196 0.0143 0.0142 0.0144 0.0201 0.0214 
37.8000 0.7565 0.0142 0.0197 0.0153 0.0130 0.0149 0.0206 0.0215 
38.0000 0.7569 0.0135 0.0182 0.0156 0.0133 0.0129 0.0199 0.0216 
38.2000 0.7584 0.0141 0.0191 0.0142 0.0131 0.0132 0.0202 0.0217 
38.4000 0.7603 0.0159 0.0190 0.0099 0.0141 0.0117 0.0205 0.0218 
38.6000 0.7608 0.0172 0.0189 0.0090 0.0156 0.0107 0.0200 0.0219 
38.8000 0.7604 0.0210 0.0184 0.0052 0.0160 0.0096 0.0209 0.0223 
39.0000 0.7624 0.0240 0.0183 0.0049 0.0164 0.0097 0.0205 0.0217 
39.2000 0.7634 0.0275 0.0181 0.0028 0.0167 0.0085 0.0198 0.0218 
39.4000 0.7634 0.0291 0.0184 0.0029 0.0174 0.0091 0.0215 0.0221 
39.6000 0.7640 0.0333 0.0173 0.0034 0.0180 0.0096 0.0201 0.0217 
39.8000 0.7659 0.0339 0.0182 0.0042 0.0175 0.0098 0.0210 0.0219 
40.0000 0.7666 0.0333 0.0163 0.0065 0.0189 0.0093 0.0199 0.0212 
40.2000 0.7672 0.0326 0.0160 0.0076 0.0200 0.0090 0.0202 0.0210 
40.4000 0.7678 0.0315 0.0150 0.0105 0.0224 0.0077 0.0200 0.0204 
40.6000 0.7699 0.0313 0.0153 0.0113 0.0218 0.0091 0.0210 0.0205 
40.8000 0.7705 0.0288 0.0129 0.0122 0.0243 0.0083 0.0202 0.0211 
41.0000 0.7703 0.0275 0.0144 0.0128 0.0246 0.0089 0.0203 0.0212 
41.2000 0.7723 0.0236 0.0125 0.0126 0.0248 0.0060 0.0202 0.0206 
41.4000 0.7724 0.0219 0.0129 0.0130 0.0251 0.0073 0.0202 0.0208 
41.6000 0.7723 0.0179 0.0130 0.0116 0.0246 0.0086 0.0204 0.0205 
41.8000 0.7742 0.0167 0.0125 0.0122 0.0239 0.0081 0.0197 0.0204 
42.0000 0.7759 0.0143 0.0122 0.0104 0.0213 0.0093 0.0200 0.0220 
42.2000 0.7757 0.0147 0.0128 0.0118 0.0208 0.0095 0.0205 0.0222 
42.4000 0.7752 0.0147 0.0136 0.0096 0.0189 0.0094 0.0202 0.0214 
42.6000 0.7777 0.0150 0.0147 0.0106 0.0193 0.0094 0.0204 0.0216 
42.8000 0.7772 0.0185 0.0161 0.0102 0.0188 0.0087 0.0193 0.0216 
43.0000 0.7791 0.0204 0.0176 0.0100 0.0186 0.0087 0.0193 0.0214 
43.2000 0.7788 0.0243 0.0178 0.0097 0.0185 0.0080 0.0195 0.0215 
43.4000 0.7790 0.0268 0.0184 0.0106 0.0201 0.0089 0.0201 0.0212 
43.6000 0.7807 0.0285 0.0183 0.0104 0.0193 0.0090 0.0198 0.0216 
43.8000 0.7815 0.0296 0.0192 0.0114 0.0191 0.0095 0.0198 0.0219 
44.0000 0.7820 0.0293 0.0201 0.0090 0.0204 0.0095 0.0194 0.0212 
44.2000 0.7837 0.0285 0.0198 0.0094 0.0215 0.0098 0.0198 0.0224 
44.4000 0.7853 0.0267 0.0191 0.0067 0.0204 0.0087 0.0204 0.0217 
44.6000 0.7844 0.0278 0.0193 0.0069 0.0228 0.0095 0.0203 0.0216 
44.8000 0.7871 0.0265 0.0192 0.0057 0.0233 0.0097 0.0205 0.0217 
45.0000 0.7868 0.0261 0.0191 0.0062 0.0237 0.0109 0.0198 0.0220 
45.2000 0.7886 0.0273 0.0195 0.0069 0.0247 0.0102 0.0199 0.0205 
45.4000 0.7895 0.0288 0.0200 0.0070 0.0254 0.0110 0.0205 0.0197 
45.6000 0.7899 0.0293 0.0193 0.0108 0.0257 0.0109 0.0208 0.0215 
45.8000 0.7899 0.0301 0.0192 0.0117 0.0255 0.0107 0.0214 0.0209 
46.0000 0.7913 0.0291 0.0181 0.0145 0.0246 0.0095 0.0206 0.0204 
46.2000 0.7910 0.0281 0.0186 0.0162 0.0244 0.0091 0.0208 0.0204 
46.4000 0.7925 0.0228 0.0182 0.0163 0.0231 0.0079 0.0208 0.0212 
46.6000 0.7943 0.0208 0.0181 0.0155 0.0207 0.0076 0.0211 0.0208 
46.8000 0.7941 0.0162 0.0170 0.0127 0.0181 0.0062 0.0205 0.0217 
47.0000 0.7937 0.0147 0.0164 0.0124 0.0172 0.0067 0.0202 0.0211 
47.2000 0.7940 0.0135 0.0154 0.0087 0.0147 0.0067 0.0199 0.0220 
47.4000 0.7963 0.0132 0.0155 0.0059 0.0146 0.0061 0.0203 0.0218 
47.6000 0.7960 0.0146 0.0138 0.0026 0.0140 0.0070 0.0203 0.0208 
47.8000 0.7946 0.0173 0.0136 0.0018 0.0146 0.0084 0.0202 0.0225 
48.0000 0.7947 0.0245 0.0132 0.0008 0.0157 0.0090 0.0198 0.0225 
48.2000 0.7962 0.0276 0.0135 0.0023 0.0178 0.0089 0.0204 0.0224 
48.4000 0.7955 0.0331 0.0141 0.0032 0.0195 0.0104 0.0202 0.0230 
48.6000 0.7989 0.0362 0.0157 0.0060 0.0223 0.0109 0.0209 0.0226 
48.8000 0.7969 0.0381 0.0154 0.0095 0.0251 0.0116 0.0193 0.0219 
49.0000 0.7986 0.0391 0.0163 0.0108 0.0263 0.0112 0.0201 0.0212 
49.2000 0.7981 0.0341 0.0162 0.0122 0.0294 0.0125 0.0204 0.0209 
49.4000 0.8007 0.0320 0.0158 0.0114 0.0295 0.0127 0.0201 0.0211 
49.6000 0.7992 0.0248 0.0155 0.0114 0.0282 0.0132 0.0194 0.0214 
49.8000 0.7914 0.0222 0.0142 0.0105 0.0267 0.0121 0.0200 0.0214 
50.0000 0.8028 0.0143 0.0120 0.0100 0.0202 0.0111 0.0192 0.0202 
50.2000 0.7986 0.0135 0.0117 0.0108 0.0180 0.0117 0.0200 0.0207 
50.4000 0.7962 0.0126 0.0104 0.0096 0.0120 0.0106 0.0184 0.0212 
50.6000 0.8050 0.0149 0.0092 0.0094 0.0086 0.0103 0.0194 0.0208 
50.8000 0.8002 0.0183 0.0098 0.0086 0.0050 0.0089 0.0192 0.0213 
51.0000 0.7982 0.0214 0.0107 0.0085 0.0052 0.0080 0.0195 0.0213 
51.2000 0.7938 0.0275 0.0124 0.0082 0.0032 0.0065 0.0194 0.0210 
51.4000 0.8021 0.0314 0.0147 0.0097 0.0063 0.0080 0.0200 0.0222 
51.6000 0.7949 0.0350 0.0171 0.0103 0.0092 0.0069 0.0206 0.0212 
51.8000 0.7963 0.0357 0.0193 0.0104 0.0129 0.0078 0.0215 0.0223 
52.0000 0.8010 0.0349 0.0213 0.0140 0.0190 0.0073 0.0205 0.0213 
52.2000 0.8013 0.0335 0.0235 0.0148 0.0225 0.0072 0.0216 0.0210 
52.4000 0.7993 0.0288 0.0237 0.0180 0.0279 0.0067 0.0212 0.0221 
52.6000 0.7981 0.0265 0.0241 0.0194 0.0299 0.0072 0.0217 0.0215 
52.8000 0.7992 0.0198 0.0244 0.0206 0.0324 0.0077 0.0205 0.0208 
53.0000 0.7967 0.0166 0.0240 0.0203 0.0328 0.0082 0.0207 0.0209 
53.2000 0.7968 0.0125 0.0213 0.0179 0.0311 0.0076 0.0205 0.0201 
53.4000 0.7959 0.0127 0.0209 0.0168 0.0313 0.0084 0.0207 0.0211 
53.6000 0.7925 0.0133 0.0183 0.0137 0.0270 0.0071 0.0207 0.0218 
53.8000 0.7889 0.0156 0.0166 0.0109 0.0257 0.0070 0.0210 0.0211 
54.0000 0.7949 0.0212 0.0154 0.0079 0.0224 0.0069 0.0206 0.0217 
54.2000 0.7940 0.0245 0.0155 0.0073 0.0216 0.0066 0.0209 0.0222 
54.4000 0.7926 0.0297 0.0143 0.0058 0.0174 0.0065 0.0199 0.0218 
54.6000 0.7927 0.0333 0.0147 0.0054 0.0172 0.0068 0.0211 0.0216 
54.8000 0.7896 0.0346 0.0163 0.0069 0.0141 0.0071 0.0201 0.0211 
55.0000 0.7881 0.0344 0.0164 0.0076 0.0144 0.0076 0.0200 0.0212 
55.2000 0.7867 0.0309 0.0159 0.0099 0.0155 0.0096 0.0205 0.0222 
55.4000 0.7864 0.0279 0.0160 0.0113 0.0158 0.0083 0.0193 0.0209 
55.6000 0.7836 0.0217 0.0144 0.0132 0.0183 0.0101 0.0200 0.0211 
55.8000 0.7822 0.0197 0.0145 0.0128 0.0204 0.0108 0.0196 0.0213 
56.0000 0.7793 0.0167 0.0128 0.0128 0.0233 0.0112 0.0196 0.0206 
56.2000 0.7787 0.0167 0.0140 0.0134 0.0242 0.0119 0.0195 0.0219 
56.4000 0.7756 0.0191 0.0117 0.0133 0.0254 0.0123 0.0194 0.0212 
56.6000 0.7736 0.0205 0.0118 0.0145 0.0251 0.0132 0.0192 0.0215 
56.8000 0.7737 0.0243 0.0120 0.0144 0.0245 0.0126 0.0201 0.0212 
57.0000 0.7702 0.0277 0.0123 0.0148 0.0246 0.0131 0.0198 0.0214 
57.2000 0.7674 0.0317 0.0135 0.0145 0.0232 0.0115 0.0203 0.0228 
57.4000 0.7658 0.0326 0.0154 0.0148 0.0229 0.0119 0.0203 0.0224 
57.6000 0.7634 0.0321 0.0161 0.0136 0.0226 0.0120 0.0195 0.0217 
57.8000 0.7605 0.0323 0.0166 0.0121 0.0223 0.0122 0.0199 0.0216 
58.0000 0.7697 0.0423 0.0326 0.0256 0.0370 0.0263 0.0354 0.0363 
58.2000 0.7703 0.0410 0.0331 0.0245 0.0386 0.0266 0.0345 0.0359 
58.4000 0.7523 0.0211 0.0189 0.0076 0.0224 0.0122 0.0208 0.0211 
58.6000 0.7500 0.0192 0.0184 0.0070 0.0223 0.0132 0.0209 0.0210 
58.8000 0.7461 0.0180 0.0182 0.0062 0.0201 0.0127 0.0210 0.0226 
59.0000 0.7448 0.0195 0.0191 0.0052 0.0205 0.0124 0.0200 0.0216 
59.2000 0.7416 0.0236 0.0178 0.0038 0.0156 0.0115 0.0200 0.0220 
59.4000 0.7399 0.0263 0.0163 0.0048 0.0152 0.0112 0.0206 0.0217 
59.6000 0.7359 0.0301 0.0156 0.0044 0.0122 0.0120 0.0205 0.0218 
59.8000 0.7343 0.0339 0.0158 0.0059 0.0120 0.0116 0.0205 0.0215 
60.0000 0.7311 0.0353 0.0129 0.0057 0.0123 0.0105 0.0195 0.0222 
60.2000 0.7301 0.0359 0.0134 0.0072 0.0140 0.0112 0.0203 0.0211 
60.4000 0.7252 0.0344 0.0128 0.0099 0.0181 0.0103 0.0189 0.0210 
60.6000 0.7242 0.0329 0.0135 0.0107 0.0206 0.0113 0.0195 0.0210 
60.8000 0.7191 0.0281 0.0134 0.0139 0.0274 0.0117 0.0200 0.0216 
61.0000 0.7188 0.0264 0.0144 0.0149 0.0305 0.0113 0.0196 0.0204 
61.2000 0.7123 0.0193 0.0143 0.0154 0.0343 0.0114 0.0199 0.0209 
61.4000 0.7140 0.0165 0.0149 0.0162 0.0361 0.0116 0.0201 0.0215 
61.6000 0.7062 0.0103 0.0150 0.0139 0.0352 0.0101 0.0191 0.0220 
61.8000 0.7066 0.0099 0.0157 0.0130 0.0341 0.0099 0.0190 0.0211 
62.0000 0.7035 0.0097 0.0152 0.0100 0.0278 0.0076 0.0205 0.0219 
62.2000 0.7034 0.0103 0.0148 0.0089 0.0229 0.0060 0.0214 0.0213 
62.4000 0.7006 0.0154 0.0154 0.0057 0.0160 0.0040 0.0210 0.0207 
62.6000 0.6983 0.0183 0.0164 0.0039 0.0132 0.0035 0.0206 0.0208 
62.8000 0.6956 0.0258 0.0165 0.0028 0.0072 0.0027 0.0203 0.0207 
63.0000 0.6942 0.0284 0.0174 0.0032 0.0079 0.0032 0.0199 0.0216 
63.2000 0.6909 0.0328 0.0181 0.0035 0.0090 0.0029 0.0204 0.0210 
63.4000 0.6883 0.0331 0.0197 0.0044 0.0123 0.0039 0.0197 0.0208 
63.6000 0.6848 0.0321 0.0189 0.0078 0.0174 0.0051 0.0193 0.0214 
63.8000 0.6830 0.0315 0.0198 0.0080 0.0218 0.0058 0.0192 0.0225 
64.0000 0.6772 0.0269 0.0198 0.0118 0.0281 0.0074 0.0191 0.0219 
64.2000 0.6774 0.0250 0.0195 0.0138 0.0323 0.0087 0.0190 0.0219 
64.4000 0.6730 0.0205 0.0192 0.0174 0.0339 0.0091 0.0196 0.0215 
64.6000 0.6720 0.0194 0.0201 0.0189 0.0354 0.0093 0.0189 0.0221 
64.8000 0.6692 0.0203 0.0198 0.0215 0.0315 0.0108 0.0196 0.0222 
65.0000 0.6676 0.0210 0.0192 0.0227 0.0286 0.0116 0.0189 0.0222 
65.2000 0.6655 0.0214 0.0202 0.0214 0.0230 0.0104 0.0196 0.0213 
65.4000 0.6615 0.0242 0.0209 0.0228 0.0198 0.0113 0.0202 0.0210 
65.6000 0.6611 0.0265 0.0205 0.0188 0.0138 0.0094 0.0198 0.0220 
65.8000 0.6578 0.0279 0.0212 0.0171 0.0119 0.0104 0.0192 0.0214 
66.0000 0.6541 0.0284 0.0203 0.0118 0.0114 0.0084 0.0205 0.0211 
66.2000 0.6517 0.0280 0.0213 0.0089 0.0114 0.0095 0.0211 0.0211 
66.4000 0.6508 0.0251 0.0206 0.0038 0.0151 0.0087 0.0201 0.0213 
66.6000 0.6481 0.0237 0.0197 0.0018 0.0176 0.0086 0.0201 0.0210 
66.8000 0.6453 0.0201 0.0190 -0.0018 0.0231 0.0086 0.0199 0.0210 
67.0000 0.6427 0.0206 0.0193 -0.0013 0.0249 0.0083 0.0197 0.0212 
67.2000 0.6405 0.0165 0.0172 -0.0008 0.0281 0.0091 0.0198 0.0205 
67.4000 0.6389 0.0178 0.0164 0.0002 0.0292 0.0104 0.0197 0.0202 
67.6000 0.6356 0.0183 0.0150 0.0054 0.0277 0.0101 0.0199 0.0211 
67.8000 0.6352 0.0195 0.0162 0.0083 0.0281 0.0108 0.0196 0.0212 
68.0000 0.6322 0.0243 0.0168 0.0136 0.0242 0.0102 0.0194 0.0218 
68.2000 0.6331 0.0270 0.0175 0.0150 0.0220 0.0112 0.0204 0.0205 
68.4000 0.6299 0.0293 0.0180 0.0180 0.0173 0.0103 0.0206 0.0210 
68.6000 0.6271 0.0305 0.0197 0.0190 0.0172 0.0107 0.0204 0.0209 
68.8000 0.6252 0.0302 0.0205 0.0177 0.0153 0.0091 0.0198 0.0215 
69.0000 0.6238 0.0294 0.0220 0.0171 0.0155 0.0082 0.0206 0.0215 
69.2000 0.6220 0.0244 0.0224 0.0112 0.0156 0.0089 0.0199 0.0211 
69.4000 0.6210 0.0228 0.0236 0.0099 0.0169 0.0085 0.0201 0.0218 
69.6000 0.6182 0.0178 0.0228 0.0042 0.0171 0.0082 0.0187 0.0218 
69.8000 0.6167 0.0145 0.0242 0.0032 0.0183 0.0069 0.0192 0.0220 
70.0000 0.6145 0.0110 0.0224 0.0006 0.0187 0.0073 0.0201 0.0210 
70.2000 0.6123 0.0099 0.0215 0.0007 0.0198 0.0067 0.0203 0.0216 
70.4000 0.6116 0.0108 0.0196 0.0023 0.0198 0.0072 0.0192 0.0210 
70.6000 0.6104 0.0126 0.0186 0.0041 0.0206 0.0072 0.0202 0.0204 
70.8000 0.6073 0.0177 0.0163 0.0073 0.0212 0.0076 0.0199 0.0211 
71.0000 0.6055 0.0203 0.0156 0.0099 0.0219 0.0069 0.0202 0.0205 
71.2000 0.6045 0.0291 0.0136 0.0122 0.0230 0.0080 0.0183 0.0212 
71.4000 0.6047 0.0324 0.0131 0.0142 0.0247 0.0078 0.0201 0.0209 
71.6000 0.6023 0.0375 0.0138 0.0145 0.0273 0.0089 0.0205 0.0201 
71.8000 0.6032 0.0393 0.0136 0.0145 0.0280 0.0088 0.0208 0.0209 
72.0000 0.6013 0.0392 0.0145 0.0134 0.0288 0.0093 0.0197 0.0210 
72.2000 0.6004 0.0376 0.0137 0.0125 0.0290 0.0097 0.0194 0.0213 
72.4000 0.5998 0.0319 0.0139 0.0111 0.0287 0.0096 0.0205 0.0210 
72.6000 0.6006 0.0294 0.0150 0.0102 0.0283 0.0091 0.0199 0.0201 
72.8000 0.5978 0.0221 0.0136 0.0098 0.0240 0.0084 0.0203 0.0212 
73.0000 0.5965 0.0196 0.0145 0.0083 0.0232 0.0084 0.0204 0.0211 
73.2000 0.5947 0.0147 0.0140 0.0096 0.0169 0.0088 0.0197 0.0216 
73.4000 0.5942 0.0163 0.0143 0.0105 0.0150 0.0074 0.0197 0.0220 
73.6000 0.5925 0.0161 0.0140 0.0115 0.0125 0.0078 0.0199 0.0223 
73.8000 0.5915 0.0177 0.0146 0.0123 0.0108 0.0069 0.0196 0.0216 
74.0000 0.5888 0.0243 0.0147 0.0150 0.0113 0.0081 0.0189 0.0211 
74.2000 0.5885 0.0279 0.0155 0.0163 0.0116 0.0074 0.0190 0.0210 
74.4000 0.5877 0.0319 0.0158 0.0154 0.0150 0.0079 0.0183 0.0210 
74.6000 0.5860 0.0342 0.0166 0.0163 0.0180 0.0071 0.0194 0.0219 
74.8000 0.5863 0.0331 0.0165 0.0140 0.0216 0.0064 0.0207 0.0214 
75.0000 0.5851 0.0323 0.0178 0.0122 0.0248 0.0068 0.0200 0.0207 
75.2000 0.5857 0.0257 0.0167 0.0103 0.0283 0.0055 0.0207 0.0213 
75.4000 0.5839 0.0205 0.0174 0.0097 0.0305 0.0048 0.0204 0.0198 
75.6000 0.5830 0.0126 0.0181 0.0073 0.0309 0.0034 0.0199 0.0207 
75.8000 0.5833 0.0102 0.0187 0.0067 0.0304 0.0044 0.0212 0.0206 
76.0000 0.5819 0.0060 0.0178 0.0066 0.0262 0.0043 0.0204 0.0216 
76.2000 0.5824 0.0065 0.0182 0.0071 0.0252 0.0036 0.0217 0.0213 
76.4000 0.5800 0.0106 0.0194 0.0087 0.0214 0.0042 0.0209 0.0224 
76.6000 0.5795 0.0129 0.0193 0.0102 0.0202 0.0044 0.0213 0.0221 
76.8000 0.5784 0.0203 0.0202 0.0091 0.0180 0.0054 0.0212 0.0223 
77.0000 0.5790 0.0250 0.0215 0.0099 0.0182 0.0062 0.0203 0.0223 
77.2000 0.5774 0.0328 0.0206 0.0098 0.0204 0.0067 0.0207 0.0216 
77.4000 0.5770 0.0343 0.0212 0.0101 0.0209 0.0072 0.0207 0.0217 
77.6000 0.5762 0.0366 0.0204 0.0087 0.0228 0.0082 0.0196 0.0220 
77.8000 0.5761 0.0353 0.0211 0.0099 0.0244 0.0096 0.0203 0.0226 
78.0000 0.5749 0.0325 0.0191 0.0090 0.0256 0.0098 0.0192 0.0220 
78.2000 0.5758 0.0310 0.0180 0.0102 0.0250 0.0094 0.0201 0.0205 
78.4000 0.5741 0.0258 0.0186 0.0110 0.0226 0.0099 0.0207 0.0207 
78.6000 0.5756 0.0243 0.0178 0.0134 0.0224 0.0100 0.0211 0.0215 
78.8000 0.5753 0.0205 0.0164 0.0144 0.0167 0.0089 0.0209 0.0217 
79.0000 0.5737 0.0197 0.0165 0.0154 0.0167 0.0090 0.0211 0.0208 
79.2000 0.5747 0.0201 0.0141 0.0150 0.0129 0.0087 0.0194 0.0218 
79.4000 0.5738 0.0212 0.0148 0.0155 0.0132 0.0090 0.0197 0.0207 
79.6000 0.5733 0.0240 0.0141 0.0125 0.0124 0.0090 0.0201 0.0214 
79.8000 0.5723 0.0262 0.0158 0.0115 0.0133 0.0097 0.0205 0.0207 
80.0000 0.5717 0.0289 0.0147 0.0073 0.0152 0.0099 0.0193 0.0210 
80.2000 0.5702 0.0294 0.0158 0.0066 0.0177 0.0106 0.0209 0.0213 
80.4000 0.5694 0.0280 0.0161 0.0052 0.0219 0.0109 0.0205 0.0204 
80.6000 0.5701 0.0282 0.0158 0.0049 0.0241 0.0110 0.0196 0.0212 
80.8000 0.5697 0.0226 0.0168 0.0052 0.0267 0.0127 0.0200 0.0211 
81.0000 0.5688 0.0206 0.0166 0.0061 0.0279 0.0136 0.0202 0.0213 
81.2000 0.5674 0.0139 0.0173 0.0080 0.0272 0.0132 0.0212 0.0219 
81.4000 0.5670 0.0119 0.0183 0.0099 0.0257 0.0136 0.0209 0.0226 
81.6000 0.5679 0.0096 0.0181 0.0125 0.0215 0.0142 0.0212 0.0226 
81.8000 0.5672 0.0106 0.0176 0.0134 0.0195 0.0139 0.0217 0.0224 
82.0000 0.5662 0.0133 0.0175 0.0133 0.0131 0.0131 0.0198 0.0225 
82.2000 0.5667 0.0170 0.0172 0.0132 0.0124 0.0122 0.0206 0.0214 
82.4000 0.5672 0.0250 0.0172 0.0121 0.0102 0.0118 0.0202 0.0224 
82.6000 0.5664 0.0294 0.0159 0.0106 0.0091 0.0106 0.0190 0.0222 
82.8000 0.5660 0.0359 0.0153 0.0076 0.0113 0.0102 0.0194 0.0211 
83.0000 0.5659 0.0365 0.0154 0.0070 0.0133 0.0104 0.0200 0.0226 
83.2000 0.5641 0.0399 0.0156 0.0035 0.0205 0.0099 0.0195 0.0215 
83.4000 0.5649 0.0381 0.0157 0.0031 0.0240 0.0104 0.0200 0.0221 
83.6000 0.5653 0.0336 0.0158 0.0039 0.0301 0.0093 0.0204 0.0210 
83.8000 0.5652 0.0315 0.0164 0.0047 0.0317 0.0104 0.0209 0.0211 
84.0000 0.5647 0.0247 0.0182 0.0075 0.0347 0.0099 0.0198 0.0214 
84.2000 0.5634 0.0221 0.0181 0.0111 0.0350 0.0097 0.0201 0.0210 
84.4000 0.5629 0.0183 0.0200 0.0148 0.0326 0.0103 0.0201 0.0215 
84.6000 0.5642 0.0172 0.0206 0.0178 0.0308 0.0104 0.0209 0.0210 
84.8000 0.5628 0.0173 0.0225 0.0213 0.0239 0.0078 0.0203 0.0206 
85.0000 0.5647 0.0168 0.0232 0.0219 0.0221 0.0076 0.0212 0.0210 
85.2000 0.5615 0.0203 0.0245 0.0217 0.0156 0.0068 0.0212 0.0213 
85.4000 0.5629 0.0221 0.0241 0.0216 0.0151 0.0060 0.0200 0.0215 
85.6000 0.5607 0.0249 0.0249 0.0178 0.0149 0.0058 0.0210 0.0204 
85.8000 0.5606 0.0250 0.0238 0.0149 0.0143 0.0049 0.0210 0.0209 
86.0000 0.5603 0.0267 0.0230 0.0091 0.0166 0.0046 0.0199 0.0207 
86.2000 0.5597 0.0266 0.0235 0.0074 0.0179 0.0049 0.0207 0.0205 
86.4000 0.5587 0.0264 0.0207 0.0016 0.0200 0.0033 0.0206 0.0204 
86.6000 0.5589 0.0275 0.0202 0.0013 0.0226 0.0042 0.0209 0.0199 
86.8000 0.5579 0.0269 0.0189 0.0015 0.0242 0.0062 0.0197 0.0207 
87.0000 0.5587 0.0277 0.0188 0.0021 0.0245 0.0069 0.0194 0.0213 
87.2000 0.5585 0.0276 0.0176 0.0084 0.0236 0.0090 0.0207 0.0210 
87.4000 0.5578 0.0274 0.0185 0.0110 0.0240 0.0102 0.0209 0.0208 
87.6000 0.5584 0.0264 0.0169 0.0188 0.0227 0.0127 0.0200 0.0220 
87.8000 0.5574 0.0265 0.0172 0.0218 0.0218 0.0141 0.0203 0.0227 
88.0000 0.5578 0.0237 0.0177 0.0227 0.0216 0.0149 0.0192 0.0221 
88.2000 0.5578 0.0223 0.0181 0.0226 0.0216 0.0154 0.0212 0.0225 
88.4000 0.5573 0.0177 0.0174 0.0187 0.0219 0.0167 0.0197 0.0221 
88.6000 0.5572 0.0166 0.0186 0.0165 0.0227 0.0161 0.0197 0.0220 
88.8000 0.5572 0.0141 0.0172 0.0090 0.0223 0.0151 0.0197 0.0226 
89.0000 0.5572 0.0131 0.0165 0.0063 0.0228 0.0149 0.0199 0.0220 
89.2000 0.5551 0.0118 0.0160 0.0023 0.0224 0.0128 0.0202 0.0214 
89.4000 0.5554 0.0133 0.0161 0.0013 0.0232 0.0126 0.0203 0.0212 
89.6000 0.5549 0.0156 0.0155 0.0018 0.0231 0.0109 0.0207 0.0210 
89.8000 0.5543 0.0193 0.0164 0.0033 0.0233 0.0093 0.0204 0.0214 
90.0000 0.5534 0.0250 0.0165 0.0074 0.0223 0.0063 0.0193 0.0214 
90.2000 0.5547 0.0290 0.0177 0.0095 0.0216 0.0061 0.0200 0.0211 
90.4000 0.5534 0.0358 0.0172 0.0135 0.0182 0.0044 0.0191 0.0217 
90.6000 0.5549 0.0374 0.0183 0.0160 0.0179 0.0041 0.0198 0.0207 
90.8000 0.5537 0.0411 0.0193 0.0173 0.0155 0.0044 0.0192 0.0218 
91.0000 0.5539 0.0413 0.0198 0.0180 0.0164 0.0051 0.0200 0.0217 
91.2000 0.5545 0.0407 0.0195 0.0156 0.0148 0.0041 0.0196 0.0224 
91.4000 0.5544 0.0380 0.0188 0.0145 0.0153 0.0042 0.0200 0.0218 
91.6000 0.5543 0.0313 0.0164 0.0106 0.0165 0.0048 0.0204 0.0217 
91.8000 0.5556 0.0295 0.0162 0.0098 0.0169 0.0055 0.0209 0.0217 
92.0000 0.5553 0.0223 0.0150 0.0068 0.0212 0.0060 0.0198 0.0217 
92.2000 0.5548 0.0194 0.0142 0.0061 0.0227 0.0073 0.0207 0.0219 
92.4000 0.5537 0.0130 0.0143 0.0041 0.0265 0.0053 0.0207 0.0219 
92.6000 0.5541 0.0125 0.0151 0.0036 0.0281 0.0062 0.0204 0.0208 
92.8000 0.5541 0.0124 0.0163 0.0055 0.0291 0.0056 0.0196 0.0211 
93.0000 0.5538 0.0138 0.0176 0.0081 0.0306 0.0059 0.0200 0.0211 
93.2000 0.5548 0.0181 0.0203 0.0124 0.0304 0.0056 0.0196 0.0208 
93.4000 0.5544 0.0199 0.0222 0.0149 0.0296 0.0053 0.0197 0.0221 
93.6000 0.5547 0.0246 0.0225 0.0200 0.0257 0.0050 0.0194 0.0207 
93.8000 0.5541 0.0260 0.0234 0.0209 0.0236 0.0059 0.0203 0.0212 
94.0000 0.5558 0.0274 0.0218 0.0204 0.0186 0.0060 0.0199 0.0211 
94.2000 0.5550 0.0283 0.0214 0.0195 0.0182 0.0066 0.0207 0.0206 
94.4000 0.5550 0.0256 0.0181 0.0132 0.0122 0.0066 0.0208 0.0217 
94.6000 0.5549 0.0239 0.0168 0.0090 0.0106 0.0081 0.0200 0.0208 
94.8000 0.5561 0.0201 0.0140 0.0030 0.0083 0.0086 0.0213 0.0217 
95.0000 0.5578 0.0197 0.0124 0.0011 0.0083 0.0089 0.0221 0.0224 
95.2000 0.5564 0.0173 0.0093 -0.0031 0.0096 0.0104 0.0205 0.0219 
95.4000 0.5566 0.0174 0.0085 -0.0032 0.0127 0.0097 0.0209 0.0226 
95.6000 0.5576 0.0191 0.0083 -0.0031 0.0181 0.0108 0.0211 0.0217 
95.8000 0.5576 0.0194 0.0093 -0.0011 0.0203 0.0116 0.0207 0.0219 
96.0000 0.5597 0.0229 0.0094 0.0049 0.0283 0.0112 0.0199 0.0220 
96.2000 0.5599 0.0264 0.0103 0.0083 0.0316 0.0123 0.0203 0.0225 
96.4000 0.5607 0.0285 0.0125 0.0142 0.0359 0.0119 0.0204 0.0226 
96.6000 0.5609 0.0299 0.0133 0.0165 0.0369 0.0127 0.0212 0.0223 
96.8000 0.5633 0.0300 0.0143 0.0188 0.0341 0.0105 0.0204 0.0209 
97.0000 0.5630 0.0292 0.0165 0.0187 0.0323 0.0110 0.0206 0.0217 
97.2000 0.5633 0.0258 0.0157 0.0173 0.0252 0.0097 0.0210 0.0222 
97.4000 0.5625 0.0240 0.0161 0.0171 0.0230 0.0098 0.0209 0.0217 
97.6000 0.5643 0.0191 0.0156 0.0134 0.0142 0.0090 0.0204 0.0221 
97.8000 0.5669 0.0163 0.0148 0.0122 0.0111 0.0092 0.0207 0.0217 
98.0000 0.5654 0.0142 0.0134 0.0107 0.0060 0.0076 0.0206 0.0218 
98.2000 0.5661 0.0140 0.0139 0.0109 0.0057 0.0081 0.0213 0.0221 
98.4000 0.5681 0.0150 0.0127 0.0108 0.0053 0.0081 0.0206 0.0208 
98.6000 0.5692 0.0168 0.0130 0.0114 0.0063 0.0080 0.0201 0.0208 
98.8000 0.5709 0.0220 0.0141 0.0110 0.0102 0.0089 0.0201 0.0211 
99.0000 0.5697 0.0237 0.0157 0.0109 0.0135 0.0097 0.0203 0.0199 
99.2000 0.5722 0.0297 0.0162 0.0116 0.0207 0.0110 0.0194 0.0209 
99.4000 0.5719 0.0322 0.0181 0.0117 0.0241 0.0115 0.0195 0.0201 
99.6000 0.5739 0.0353 0.0196 0.0104 0.0322 0.0124 0.0190 0.0205 
99.8000 0.5745 0.0368 0.0204 0.0109 0.0358 0.0122 0.0200 0.0214 
100.0000 0.5759 0.0342 0.0231 0.0110 0.0404 0.0122 0.0190 0.0217 
100.2000 0.5763 0.0332 0.0240 0.0114 0.0411 0.0132 0.0204 0.0211 
100.4000 0.5772 0.0256 0.0236 0.0128 0.0378 0.0121 0.0200 0.0208 
100.6000 0.5789 0.0218 0.0242 0.0136 0.0371 0.0128 0.0213 0.0208 
100.8000 0.5798 0.0144 0.0220 0.0127 0.0290 0.0118 0.0212 0.0214 
101.0000 0.5795 0.0112 0.0214 0.0139 0.0263 0.0111 0.0204 0.0222 
101.2000 0.5808 0.0076 0.0191 0.0116 0.0178 0.0080 0.0205 0.0214 
101.4000 0.5813 0.0081 0.0190 0.0110 0.0150 0.0079 0.0192 0.0214 
101.6000 0.5826 0.0118 0.0165 0.0084 0.0097 0.0064 0.0202 0.0222 
101.8000 0.5836 0.0152 0.0161 0.0074 0.0086 0.0072 0.0195 0.0223 
102.0000 0.5849 0.0233 0.0150 0.0048 0.0085 0.0069 0.0196 0.0225 
102.2000 0.5858 0.0261 0.0164 0.0054 0.0101 0.0073 0.0199 0.0217 
102.4000 0.5862 0.0346 0.0150 0.0059 0.0135 0.0068 0.0200 0.0223 
102.6000 0.5881 0.0367 0.0150 0.0071 0.0161 0.0074 0.0213 0.0223 
102.8000 0.5904 0.0396 0.0148 0.0091 0.0227 0.0074 0.0202 0.0222 
103.0000 0.5907 0.0381 0.0143 0.0095 0.0249 0.0077 0.0192 0.0220 
103.2000 0.5905 0.0343 0.0142 0.0110 0.0274 0.0083 0.0210 0.0216 
103.4000 0.5921 0.0303 0.0149 0.0119 0.0279 0.0090 0.0213 0.0210 
103.6000 0.5928 0.0230 0.0155 0.0126 0.0270 0.0089 0.0193 0.0200 
103.8000 0.5930 0.0205 0.0150 0.0132 0.0261 0.0092 0.0202 0.0202 
104.0000 0.5962 0.0143 0.0162 0.0134 0.0216 0.0091 0.0201 0.0203 
104.2000 0.5962 0.0131 0.0162 0.0134 0.0218 0.0092 0.0201 0.0208 
104.4000 0.5962 0.0108 0.0156 0.0140 0.0172 0.0090 0.0203 0.0199 
104.6000 0.5972 0.0114 0.0158 0.0131 0.0176 0.0096 0.0203 0.0190 
104.8000 0.5980 0.0151 0.0153 0.0130 0.0157 0.0091 0.0196 0.0200 
105.0000 0.6001 0.0178 0.0151 0.0122 0.0174 0.0086 0.0204 0.0208 
105.2000 0.6009 0.0225 0.0130 0.0113 0.0199 0.0091 0.0196 0.0199 
105.4000 0.6015 0.0239 0.0139 0.0103 0.0217 0.0105 0.0206 0.0214 
105.6000 0.6018 0.0287 0.0128 0.0079 0.0274 0.0103 0.0201 0.0213 
105.8000 0.6040 0.0306 0.0130 0.0069 0.0290 0.0098 0.0206 0.0214 
106.0000 0.6041 0.0314 0.0119 0.0051 0.0310 0.0097 0.0197 0.0234 
106.2000 0.6036 0.0324 0.0116 0.0050 0.0309 0.0094 0.0202 0.0210 
106.4000 0.6062 0.0314 0.0114 0.0047 0.0295 0.0097 0.0203 0.0223 
106.6000 0.6070 0.0302 0.0108 0.0063 0.0293 0.0095 0.0202 0.0225 
106.8000 0.6072 0.0285 0.0093 0.0078 0.0253 0.0086 0.0194 0.0215 
107.0000 0.6078 0.0273 0.0098 0.0087 0.0244 0.0078 0.0211 0.0216 
107.2000 0.6082 0.0256 0.0103 0.0118 0.0195 0.0083 0.0206 0.0222 
107.4000 0.6108 0.0227 0.0096 0.0136 0.0184 0.0089 0.0220 0.0220 
107.6000 0.6100 0.0209 0.0110 0.0147 0.0160 0.0085 0.0212 0.0212 
107.8000 0.6108 0.0202 0.0118 0.0139 0.0161 0.0091 0.0218 0.0220 
108.0000 0.6127 0.0171 0.0128 0.0137 0.0169 0.0092 0.0196 0.0220 
108.2000 0.6139 0.0170 0.0140 0.0125 0.0186 0.0104 0.0210 0.0209 
108.4000 0.6131 0.0152 0.0159 0.0115 0.0221 0.0110 0.0205 0.0205 
108.6000 0.6167 0.0159 0.0162 0.0108 0.0230 0.0106 0.0207 0.0212 
108.8000 0.6151 0.0162 0.0188 0.0095 0.0251 0.0125 0.0201 0.0209 
109.0000 0.6177 0.0165 0.0201 0.0101 0.0262 0.0119 0.0212 0.0209 
109.2000 0.6172 0.0189 0.0210 0.0087 0.0264 0.0119 0.0195 0.0211 
109.4000 0.6180 0.0199 0.0216 0.0097 0.0251 0.0117 0.0206 0.0209 
109.6000 0.6195 0.0211 0.0215 0.0092 0.0223 0.0102 0.0195 0.0211 
109.8000 0.6201 0.0223 0.0218 0.0091 0.0207 0.0099 0.0203 0.0213 
110.0000 0.6190 0.0242 0.0205 0.0081 0.0167 0.0091 0.0189 0.0217 
110.2000 0.6205 0.0260 0.0207 0.0094 0.0152 0.0080 0.0198 0.0217 
110.4000 0.6223 0.0271 0.0190 0.0075 0.0118 0.0075 0.0195 0.0228 
110.6000 0.6213 0.0290 0.0195 0.0072 0.0124 0.0061 0.0204 0.0225 
110.8000 0.6225 0.0303 0.0181 0.0056 0.0125 0.0046 0.0195 0.0220 
111.0000 0.6219 0.0306 0.0186 0.0056 0.0139 0.0059 0.0200 0.0226 
111.2000 0.6238 0.0312 0.0184 0.0057 0.0180 0.0052 0.0202 0.0229 
111.4000 0.6259 0.0314 0.0191 0.0077 0.0212 0.0062 0.0213 0.0223 
111.6000 0.6240 0.0301 0.0181 0.0098 0.0257 0.0060 0.0202 0.0221 
111.8000 0.6267 0.0284 0.0179 0.0115 0.0281 0.0068 0.0205 0.0215 
112.0000 0.6263 0.0228 0.0190 0.0158 0.0317 0.0072 0.0216 0.0217 
112.2000 0.6267 0.0214 0.0185 0.0171 0.0329 0.0084 0.0213 0.0216 
112.4000 0.6282 0.0175 0.0193 0.0221 0.0320 0.0087 0.0206 0.0218 
112.6000 0.6303 0.0167 0.0200 0.0235 0.0316 0.0089 0.0196 0.0214 
112.8000 0.6290 0.0137 0.0197 0.0238 0.0268 0.0087 0.0200 0.0207 
113.0000 0.6321 0.0142 0.0201 0.0232 0.0235 0.0084 0.0194 0.0218 
113.2000 0.6311 0.0149 0.0202 0.0210 0.0175 0.0073 0.0205 0.0211 
113.4000 0.6306 0.0163 0.0211 0.0197 0.0156 0.0070 0.0204 0.0205 
113.6000 0.6306 0.0182 0.0203 0.0153 0.0111 0.0062 0.0194 0.0209 
113.8000 0.6312 0.0193 0.0202 0.0116 0.0089 0.0055 0.0187 0.0204 
114.0000 0.6323 0.0223 0.0190 0.0051 0.0080 0.0050 0.0197 0.0212 
114.2000 0.6321 0.0230 0.0187 0.0046 0.0080 0.0048 0.0193 0.0213 
114.4000 0.6325 0.0239 0.0181 0.0002 0.0097 0.0056 0.0197 0.0214 
114.6000 0.6342 0.0232 0.0180 -0.0013 0.0118 0.0059 0.0195 0.0210 
114.8000 0.6341 0.0244 0.0170 -0.0015 0.0174 0.0073 0.0197 0.0214 
115.0000 0.6352 0.0248 0.0172 0.0005 0.0194 0.0069 0.0191 0.0219 
115.2000 0.6344 0.0260 0.0161 0.0041 0.0249 0.0084 0.0194 0.0219 
115.4000 0.6366 0.0275 0.0156 0.0085 0.0280 0.0093 0.0192 0.0222 
115.6000 0.6358 0.0286 0.0146 0.0150 0.0306 0.0106 0.0199 0.0219 
115.8000 0.6371 0.0298 0.0155 0.0174 0.0326 0.0108 0.0207 0.0218 
116.0000 0.6368 0.0304 0.0148 0.0198 0.0331 0.0117 0.0200 0.0214 
116.2000 0.6389 0.0305 0.0139 0.0212 0.0315 0.0119 0.0193 0.0221 
116.4000 0.6396 0.0276 0.0127 0.0196 0.0289 0.0120 0.0196 0.0216 
116.6000 0.6381 0.0271 0.0133 0.0188 0.0267 0.0118 0.0203 0.0213 
116.8000 0.6377 0.0232 0.0128 0.0135 0.0220 0.0100 0.0194 0.0210 
117.0000 0.6379 0.0214 0.0120 0.0104 0.0193 0.0106 0.0197 0.0204 
117.2000 0.6384 0.0188 0.0132 0.0042 0.0126 0.0099 0.0192 0.0205 
117.4000 0.6389 0.0177 0.0142 0.0029 0.0120 0.0103 0.0186 0.0202 
117.6000 0.6393 0.0151 0.0159 -0.0016 0.0089 0.0090 0.0184 0.0205 
117.8000 0.6401 0.0156 0.0171 -0.0012 0.0093 0.0100 0.0186 0.0204 
118.0000 0.6390 0.0163 0.0184 -0.0026 0.0090 0.0097 0.0189 0.0206 
118.2000 0.6405 0.0175 0.0190 -0.0024 0.0085 0.0108 0.0189 0.0210 
118.4000 0.6393 0.0207 0.0206 0.0016 0.0126 0.0117 0.0186 0.0189 
118.6000 0.6415 0.0235 0.0203 0.0045 0.0156 0.0118 0.0196 0.0191 
118.8000 0.6399 0.0287 0.0205 0.0079 0.0212 0.0118 0.0201 0.0201 
119.0000 0.6427 0.0292 0.0199 0.0093 0.0235 0.0134 0.0202 0.0199 
119.2000 0.6402 0.0326 0.0184 0.0113 0.0307 0.0137 0.0188 0.0195 
119.4000 0.6419 0.0332 0.0183 0.0124 0.0324 0.0145 0.0207 0.0199 
119.6000 0.6414 0.0319 0.0168 0.0142 0.0350 0.0156 0.0207 0.0204 
119.8000 0.6432 0.0297 0.0157 0.0137 0.0356 0.0155 0.0210 0.0209 
120.0000 0.6432 0.0236 0.0145 0.0124 0.0323 0.0144 0.0212 0.0221 
120.2000 0.6431 0.0206 0.0137 0.0121 0.0303 0.0148 0.0208 0.0215 
120.4000 0.6454 0.0126 0.0115 0.0106 0.0227 0.0132 0.0202 0.0216 
120.6000 0.6432 0.0089 0.0113 0.0093 0.0186 0.0118 0.0205 0.0220 
120.8000 0.6441 0.0070 0.0102 0.0087 0.0136 0.0114 0.0200 0.0214 
121.0000 0.6448 0.0078 0.0109 0.0088 0.0102 0.0101 0.0210 0.0222 
121.2000 0.6446 0.0114 0.0112 0.0081 0.0069 0.0084 0.0205 0.0215 
121.4000 0.6452 0.0185 0.0129 0.0103 0.0065 0.0093 0.0205 0.0219 
121.6000 0.6425 0.0235 0.0141 0.0110 0.0078 0.0084 0.0208 0.0224 
121.8000 0.6430 0.0282 0.0151 0.0108 0.0092 0.0089 0.0207 0.0228 
122.0000 0.6459 0.0371 0.0152 0.0119 0.0150 0.0095 0.0190 0.0214 
122.2000 0.6442 0.0391 0.0153 0.0117 0.0167 0.0105 0.0203 0.0209 
122.4000 0.6456 0.0392 0.0161 0.0109 0.0221 0.0112 0.0202 0.0220 
122.6000 0.6461 0.0389 0.0165 0.0110 0.0232 0.0125 0.0202 0.0212 
122.8000 0.6454 0.0337 0.0156 0.0100 0.0272 0.0124 0.0193 0.0214 
123.0000 0.6472 0.0267 0.0152 0.0093 0.0280 0.0133 0.0196 0.0217 
123.2000 0.6481 0.0208 0.0146 0.0087 0.0293 0.0133 0.0192 0.0218 
123.4000 0.6477 0.0177 0.0139 0.0077 0.0286 0.0146 0.0192 0.0215 
123.6000 0.6482 0.0138 0.0152 0.0099 0.0281 0.0137 0.0184 0.0225 
123.8000 0.6483 0.0134 0.0148 0.0117 0.0256 0.0136 0.0184 0.0220 
124.0000 0.6472 0.0156 0.0151 0.0160 0.0219 0.0127 0.0189 0.0210 
124.2000 0.6489 0.0169 0.0151 0.0172 0.0208 0.0122 0.0193 0.0205 
124.4000 0.6480 0.0209 0.0152 0.0175 0.0183 0.0108 0.0204 0.0204 
124.6000 0.6486 0.0249 0.0157 0.0194 0.0171 0.0105 0.0194 0.0210 
124.8000 0.6481 0.0270 0.0169 0.0184 0.0176 0.0084 0.0192 0.0210 
125.0000 0.6482 0.0282 0.0170 0.0182 0.0185 0.0084 0.0191 0.0204 
125.2000 0.6494 0.0288 0.0169 0.0142 0.0192 0.0068 0.0198 0.0201 
125.4000 0.6491 0.0297 0.0185 0.0138 0.0209 0.0076 0.0201 0.0207 
125.6000 0.6482 0.0256 0.0178 0.0084 0.0215 0.0051 0.0188 0.0205 
125.8000 0.6479 0.0252 0.0189 0.0071 0.0217 0.0062 0.0192 0.0214 
126.0000 0.6498 0.0210 0.0175 0.0032 0.0205 0.0041 0.0186 0.0205 
126.2000 0.6485 0.0203 0.0194 0.0023 0.0196 0.0048 0.0198 0.0214 
126.4000 0.6513 0.0183 0.0190 0.0030 0.0165 0.0053 0.0196 0.0213 
126.6000 0.6494 0.0195 0.0187 0.0056 0.0156 0.0059 0.0204 0.0212 
126.8000 0.6494 0.0199 0.0175 0.0070 0.0136 0.0057 0.0194 0.0206 
127.0000 0.6493 0.0210 0.0182 0.0104 0.0150 0.0062 0.0199 0.0200 
127.2000 0.6492 0.0232 0.0174 0.0121 0.0157 0.0077 0.0192 0.0204 
127.4000 0.6509 0.0244 0.0193 0.0143 0.0191 0.0095 0.0208 0.0209 
127.6000 0.6520 0.0254 0.0178 0.0146 0.0233 0.0094 0.0196 0.0209 
127.8000 0.6503 0.0253 0.0187 0.0150 0.0268 0.0116 0.0201 0.0203 
128.0000 0.6520 0.0220 0.0163 0.0127 0.0299 0.0115 0.0197 0.0200 
128.2000 0.6517 0.0213 0.0152 0.0130 0.0325 0.0109 0.0201 0.0210 
128.4000 0.6522 0.0169 0.0138 0.0094 0.0324 0.0112 0.0196 0.0210 
128.6000 0.6507 0.0161 0.0134 0.0098 0.0316 0.0104 0.0199 0.0217 
128.8000 0.6527 0.0133 0.0103 0.0074 0.0274 0.0090 0.0205 0.0212 
129.0000 0.6513 0.0146 0.0115 0.0062 0.0252 0.0105 0.0213 0.0216 
129.2000 0.6532 0.0147 0.0080 0.0046 0.0178 0.0091 0.0207 0.0211 
129.4000 0.6526 0.0158 0.0095 0.0063 0.0144 0.0103 0.0213 0.0214 
129.6000 0.6530 0.0166 0.0076 0.0052 0.0075 0.0098 0.0206 0.0211 
129.8000 0.6514 0.0198 0.0104 0.0064 0.0070 0.0100 0.0219 0.0223 
130.0000 0.6523 0.0219 0.0117 0.0067 0.0064 0.0085 0.0212 0.0224 
130.2000 0.6518 0.0250 0.0142 0.0090 0.0089 0.0092 0.0220 0.0221 
130.4000 0.6528 0.0259 0.0160 0.0094 0.0126 0.0076 0.0212 0.0213 
130.6000 0.6528 0.0285 0.0190 0.0115 0.0184 0.0079 0.0219 0.0215 
130.8000 0.6542 0.0293 0.0198 0.0114 0.0256 0.0068 0.0200 0.0216 
131.0000 0.6532 0.0306 0.0215 0.0128 0.0305 0.0083 0.0208 0.0205 
131.2000 0.6550 0.0279 0.0215 0.0149 0.0366 0.0083 0.0205 0.0204 
131.4000 0.6540 0.0278 0.0227 0.0164 0.0399 0.0077 0.0206 0.0213 
131.6000 0.6537 0.0245 0.0207 0.0171 0.0402 0.0067 0.0191 0.0207 
131.8000 0.6531 0.0245 0.0215 0.0193 0.0390 0.0075 0.0194 0.0218 
132.0000 0.6549 0.0209 0.0181 0.0205 0.0341 0.0086 0.0192 0.0211 
132.2000 0.6519 0.0213 0.0179 0.0213 0.0316 0.0080 0.0203 0.0213 
132.4000 0.6540 0.0195 0.0165 0.0211 0.0237 0.0083 0.0208 0.0199 
132.6000 0.6547 0.0201 0.0150 0.0198 0.0200 0.0070 0.0200 0.0200 
132.8000 0.6535 0.0207 0.0130 0.0164 0.0125 0.0071 0.0202 0.0210 
133.0000 0.6535 0.0211 0.0143 0.0146 0.0106 0.0077 0.0216 0.0209 
133.2000 0.6539 0.0219 0.0129 0.0089 0.0072 0.0074 0.0209 0.0210 
133.4000 0.6528 0.0225 0.0133 0.0054 0.0076 0.0092 0.0226 0.0212 
133.6000 0.6555 0.0217 0.0126 -0.0011 0.0095 0.0091 0.0223 0.0222 
133.8000 0.6532 0.0226 0.0141 -0.0017 0.0124 0.0099 0.0214 0.0228 
134.0000 0.6546 0.0221 0.0133 -0.0058 0.0161 0.0093 0.0215 0.0226 
134.2000 0.6542 0.0221 0.0158 -0.0052 0.0193 0.0105 0.0221 0.0230 
134.4000 0.6551 0.0238 0.0161 -0.0047 0.0246 0.0111 0.0197 0.0236 
134.6000 0.6531 0.0252 0.0181 0.0001 0.0271 0.0120 0.0208 0.0226 
134.8000 0.6534 0.0249 0.0187 0.0038 0.0293 0.0129 0.0200 0.0220 
135.0000 0.6525 0.0261 0.0205 0.0094 0.0297 0.0133 0.0203 0.0209 
135.2000 0.6547 0.0245 0.0201 0.0155 0.0290 0.0132 0.0192 0.0205 
135.4000 0.6538 0.0257 0.0217 0.0211 0.0303 0.0134 0.0196 0.0206 
135.6000 0.6540 0.0238 0.0216 0.0242 0.0268 0.0131 0.0191 0.0213 
135.8000 0.6529 0.0235 0.0228 0.0264 0.0264 0.0141 0.0198 0.0202 
136.0000 0.6570 0.0193 0.0204 0.0249 0.0218 0.0115 0.0200 0.0213 
136.2000 0.6519 0.0183 0.0208 0.0243 0.0225 0.0119 0.0197 0.0219 
136.4000 0.6555 0.0132 0.0175 0.0172 0.0211 0.0091 0.0203 0.0211 
136.6000 0.6538 0.0121 0.0171 0.0149 0.0201 0.0084 0.0206 0.0214 
136.8000 0.6541 0.0101 0.0125 0.0057 0.0195 0.0074 0.0190 0.0211 
137.0000 0.6528 0.0108 0.0131 0.0035 0.0193 0.0068 0.0208 0.0217 
137.2000 0.6530 0.0121 0.0114 -0.0014 0.0167 0.0066 0.0198 0.0211 
137.4000 0.6523 0.0173 0.0119 -0.0016 0.0177 0.0056 0.0199 0.0212 
137.6000 0.6534 0.0219 0.0121 -0.0016 0.0159 0.0035 0.0192 0.0212 
137.8000 0.6511 0.0265 0.0142 0.0006 0.0160 0.0046 0.0211 0.0210 
138.0000 0.6523 0.0328 0.0149 0.0062 0.0161 0.0018 0.0207 0.0212 
138.2000 0.6510 0.0376 0.0184 0.0112 0.0174 0.0013 0.0213 0.0213 
138.4000 0.6514 0.0392 0.0198 0.0154 0.0196 -0.0003 0.0196 0.0206 
138.6000 0.6513 0.0396 0.0211 0.0181 0.0231 0.0006 0.0205 0.0215 
138.8000 0.6528 0.0366 0.0229 0.0212 0.0258 0.0003 0.0204 0.0205 
139.0000 0.6509 0.0350 0.0253 0.0221 0.0295 0.0013 0.0203 0.0217 
139.2000 0.6519 0.0263 0.0253 0.0205 0.0306 0.0019 0.0189 0.0201 
139.4000 0.6498 0.0243 0.0260 0.0204 0.0311 0.0028 0.0208 0.0214 
139.6000 0.6516 0.0155 0.0249 0.0157 0.0270 0.0027 0.0197 0.0202 
139.8000 0.6491 0.0128 0.0251 0.0142 0.0261 0.0038 0.0197 0.0207 
140.0000 0.6489 0.0073 0.0224 0.0101 0.0215 0.0043 0.0205 0.0217 
140.2000 0.6483 0.0072 0.0222 0.0090 0.0208 0.0058 0.0202 0.0219 
140.4000 0.6493 0.0078 0.0200 0.0083 0.0162 0.0070 0.0213 0.0225 
140.6000 0.6487 0.0108 0.0209 0.0093 0.0151 0.0073 0.0209 0.0219 
140.8000 0.6478 0.0151 0.0186 0.0078 0.0116 0.0095 0.0219 0.0223 
141.0000 0.6484 0.0219 0.0209 0.0094 0.0116 0.0095 0.0224 0.0226 
141.2000 0.6467 0.0284 0.0200 0.0101 0.0117 0.0103 0.0211 0.0227 
141.4000 0.6470 0.0325 0.0210 0.0110 0.0141 0.0100 0.0217 0.0232 
141.6000 0.6476 0.0359 0.0216 0.0093 0.0145 0.0101 0.0203 0.0217 
141.8000 0.6460 0.0384 0.0230 0.0109 0.0182 0.0113 0.0211 0.0222 
142.0000 0.6448 0.0375 0.0198 0.0089 0.0218 0.0091 0.0198 0.0216 
142.2000 0.6457 0.0357 0.0201 0.0084 0.0242 0.0106 0.0204 0.0215 
142.4000 0.6460 0.0299 0.0177 0.0071 0.0266 0.0090 0.0200 0.0218 
142.6000 0.6432 0.0256 0.0176 0.0072 0.0272 0.0097 0.0203 0.0219 
142.8000 0.6442 0.0181 0.0139 0.0046 0.0278 0.0095 0.0194 0.0214 
143.0000 0.6446 0.0148 0.0145 0.0068 0.0270 0.0092 0.0199 0.0207 
143.2000 0.6438 0.0105 0.0126 0.0066 0.0249 0.0085 0.0183 0.0187 
143.4000 0.6421 0.0107 0.0125 0.0080 0.0250 0.0083 0.0206 0.0202 
143.6000 0.6434 0.0113 0.0116 0.0090 0.0223 0.0081 0.0204 0.0204 
143.8000 0.6440 0.0149 0.0129 0.0127 0.0230 0.0076 0.0195 0.0208 
144.0000 0.6443 0.0187 0.0140 0.0130 0.0221 0.0069 0.0198 0.0192 
144.2000 0.6427 0.0222 0.0158 0.0148 0.0224 0.0073 0.0208 0.0204 
144.4000 0.6428 0.0260 0.0158 0.0144 0.0202 0.0071 0.0215 0.0199 
144.6000 0.6429 0.0276 0.0173 0.0154 0.0215 0.0071 0.0217 0.0204 
144.8000 0.6431 0.0273 0.0172 0.0127 0.0221 0.0047 0.0205 0.0209 
145.0000 0.6418 0.0278 0.0195 0.0124 0.0223 0.0059 0.0208 0.0217 
145.2000 0.6420 0.0249 0.0176 0.0087 0.0223 0.0048 0.0210 0.0198 
145.4000 0.6427 0.0247 0.0197 0.0090 0.0222 0.0058 0.0210 0.0216 
145.6000 0.6422 0.0221 0.0200 0.0062 0.0189 0.0052 0.0199 0.0209 
145.8000 0.6395 0.0220 0.0200 0.0071 0.0182 0.0063 0.0212 0.0212 
146.0000 0.6401 0.0221 0.0210 0.0074 0.0154 0.0055 0.0205 0.0215 
146.2000 0.6392 0.0249 0.0231 0.0084 0.0156 0.0077 0.0205 0.0212 
146.4000 0.6392 0.0248 0.0228 0.0094 0.0136 0.0065 0.0210 0.0210 
146.6000 0.6377 0.0263 0.0247 0.0125 0.0153 0.0084 0.0204 0.0217 
146.8000 0.6385 0.0273 0.0240 0.0135 0.0169 0.0070 0.0201 0.0220 
147.0000 0.6357 0.0283 0.0241 0.0145 0.0199 0.0086 0.0201 0.0220 
147.2000 0.6374 0.0263 0.0229 0.0129 0.0229 0.0074 0.0191 0.0209 
147.4000 0.6356 0.0260 0.0234 0.0145 0.0263 0.0099 0.0205 0.0213 
147.6000 0.6380 0.0222 0.0223 0.0134 0.0287 0.0083 0.0197 0.0208 
147.8000 0.6356 0.0213 0.0199 0.0146 0.0303 0.0093 0.0202 0.0218 
148.0000 0.6376 0.0176 0.0188 0.0135 0.0295 0.0081 0.0195 0.0213 
148.2000 0.6370 0.0171 0.0193 0.0147 0.0303 0.0089 0.0200 0.0211 
148.4000 0.6378 0.0150 0.0168 0.0142 0.0261 0.0073 0.0205 0.0210 
148.6000 0.6376 0.0148 0.0177 0.0151 0.0246 0.0088 0.0203 0.0215 
148.8000 0.6364 0.0142 0.0162 0.0140 0.0177 0.0085 0.0202 0.0205 
149.0000 0.6358 0.0167 0.0170 0.0152 0.0159 0.0099 0.0215 0.0220 
149.2000 0.6379 0.0195 0.0162 0.0130 0.0107 0.0094 0.0208 0.0203 
149.4000 0.6352 0.0210 0.0183 0.0132 0.0106 0.0104 0.0212 0.0206 
149.6000 0.6362 0.0234 0.0176 0.0121 0.0093 0.0115 0.0215 0.0206 
149.8000 0.6342 0.0255 0.0184 0.0114 0.0113 0.0115 0.0205 0.0217 
150.0000 0.6354 0.0272 0.0193 0.0070 0.0140 0.0121 0.0203 0.0215 
150.2000 0.6342 0.0290 0.0198 0.0077 0.0190 0.0130 0.0200 0.0223 
150.4000 0.6341 0.0291 0.0183 0.0058 0.0236 0.0140 0.0203 0.0217 
150.6000 0.6328 0.0292 0.0185 0.0057 0.0273 0.0143 0.0205 0.0205 
150.8000 0.6321 0.0267 0.0167 0.0052 0.0314 0.0149 0.0202 0.0212 
151.0000 0.6322 0.0267 0.0168 0.0075 0.0332 0.0155 0.0199 0.0226 
151.2000 0.6315 0.0247 0.0149 0.0082 0.0319 0.0140 0.0200 0.0205 
151.4000 0.6313 0.0240 0.0156 0.0115 0.0316 0.0134 0.0200 0.0206 
151.6000 0.6325 0.0229 0.0149 0.0119 0.0250 0.0131 0.0199 0.0205 
151.8000 0.6311 0.0238 0.0169 0.0141 0.0229 0.0126 0.0198 0.0207 
152.0000 0.6331 0.0247 0.0165 0.0147 0.0157 0.0108 0.0206 0.0198 
152.2000 0.6313 0.0267 0.0188 0.0156 0.0150 0.0108 0.0201 0.0207 
152.4000 0.6340 0.0278 0.0187 0.0134 0.0101 0.0091 0.0206 0.0204 
152.6000 0.6297 0.0304 0.0187 0.0146 0.0099 0.0094 0.0209 0.0204 
152.8000 0.6309 0.0296 0.0208 0.0119 0.0107 0.0083 0.0196 0.0198 
153.0000 0.6310 0.0309 0.0228 0.0110 0.0135 0.0100 0.0203 0.0206 
153.2000 0.6318 0.0283 0.0215 0.0084 0.0171 0.0089 0.0188 0.0200 
153.4000 0.6299 0.0286 0.0203 0.0084 0.0218 0.0097 0.0206 0.0201 
153.6000 0.6317 0.0256 0.0198 0.0066 0.0266 0.0093 0.0198 0.0194 
153.8000 0.6320 0.0244 0.0184 0.0070 0.0296 0.0104 0.0206 0.0203 
154.0000 0.6332 0.0217 0.0168 0.0073 0.0310 0.0101 0.0200 0.0212 
154.2000 0.6293 0.0229 0.0170 0.0098 0.0311 0.0104 0.0213 0.0214 
154.4000 0.6323 0.0218 0.0149 0.0134 0.0284 0.0094 0.0212 0.0216 
154.6000 0.6293 0.0241 0.0143 0.0165 0.0259 0.0105 0.0218 0.0221 
154.8000 0.6286 0.0235 0.0152 0.0189 0.0211 0.0091 0.0205 0.0208 
155.0000 0.6287 0.0250 0.0157 0.0210 0.0185 0.0093 0.0209 0.0212 
155.2000 0.6298 0.0243 0.0148 0.0208 0.0146 0.0081 0.0204 0.0209 
155.4000 0.6269 0.0252 0.0157 0.0219 0.0123 0.0089 0.0207 0.0212 
155.6000 0.6281 0.0229 0.0155 0.0183 0.0097 0.0072 0.0205 0.0201 
155.8000 0.6266 0.0232 0.0168 0.0149 0.0108 0.0074 0.0206 0.0199 
156.0000 0.6295 0.0204 0.0166 0.0078 0.0120 0.0067 0.0200 0.0203 
156.2000 0.6274 0.0203 0.0184 0.0048 0.0140 0.0083 0.0196 0.0208 
156.4000 0.6267 0.0185 0.0190 0.0001 0.0177 0.0075 0.0200 0.0198 
156.6000 0.6283 0.0187 0.0201 0.0008 0.0211 0.0087 0.0201 0.0198 
156.8000 0.6280 0.0194 0.0208 0.0000 0.0240 0.0090 0.0187 0.0212 
157.0000 0.6255 0.0209 0.0214 0.0026 0.0256 0.0092 0.0185 0.0211 
157.2000 0.6265 0.0251 0.0210 0.0074 0.0270 0.0096 0.0183 0.0211 
157.4000 0.6246 0.0277 0.0216 0.0113 0.0286 0.0104 0.0191 0.0216 
157.6000 0.6262 0.0292 0.0211 0.0159 0.0280 0.0100 0.0191 0.0202 
157.8000 0.6237 0.0327 0.0209 0.0184 0.0294 0.0108 0.0193 0.0215 
158.0000 0.6252 0.0329 0.0177 0.0190 0.0283 0.0108 0.0192 0.0208 
158.2000 0.6221 0.0327 0.0166 0.0198 0.0280 0.0107 0.0202 0.0215 
158.4000 0.6257 0.0308 0.0131 0.0177 0.0268 0.0091 0.0209 0.0211 
158.6000 0.6219 0.0300 0.0146 0.0154 0.0262 0.0091 0.0208 0.0217 
158.8000 0.6223 0.0231 0.0099 0.0121 0.0235 0.0071 0.0207 0.0228 
159.0000 0.6215 0.0208 0.0100 0.0095 0.0230 0.0083 0.0216 0.0228 
159.2000 0.6220 0.0148 0.0086 0.0093 0.0202 0.0063 0.0217 0.0226 
159.4000 0.6212 0.0139 0.0096 0.0113 0.0204 0.0071 0.0219 0.0224 
159.6000 0.6214 0.0114 0.0079 0.0103 0.0173 0.0048 0.0210 0.0230 
159.8000 0.6206 0.0126 0.0094 0.0136 0.0161 0.0056 0.0210 0.0232 
160.0000 0.6210 0.0122 0.0100 0.0143 0.0136 0.0039 0.0203 0.0230 
160.2000 0.6192 0.0156 0.0132 0.0154 0.0139 0.0051 0.0211 0.0222 
160.4000 0.6205 0.0204 0.0139 0.0148 0.0093 0.0052 0.0197 0.0220 
160.6000 0.6208 0.0231 0.0170 0.0163 0.0108 0.0066 0.0199 0.0214 
160.8000 0.6199 0.0292 0.0201 0.0134 0.0074 0.0076 0.0193 0.0207 
161.0000 0.6177 0.0324 0.0226 0.0122 0.0074 0.0082 0.0189 0.0198 
161.2000 0.6194 0.0344 0.0214 0.0091 0.0077 0.0084 0.0189 0.0202 
161.4000 0.6178 0.0356 0.0241 0.0087 0.0096 0.0096 0.0196 0.0207 
161.6000 0.6178 0.0325 0.0236 0.0053 0.0137 0.0093 0.0194 0.0201 
161.8000 0.6155 0.0294 0.0227 0.0065 0.0173 0.0103 0.0204 0.0205 
162.0000 0.6167 0.0224 0.0195 0.0042 0.0222 0.0096 0.0198 0.0209 
162.2000 0.6159 0.0194 0.0200 0.0056 0.0254 0.0107 0.0197 0.0213 
162.4000 0.6166 0.0137 0.0173 0.0055 0.0304 0.0096 0.0199 0.0206 
162.6000 0.6152 0.0120 0.0174 0.0079 0.0319 0.0105 0.0193 0.0215 
162.8000 0.6169 0.0089 0.0163 0.0091 0.0347 0.0103 0.0193 0.0211 
163.0000 0.6158 0.0108 0.0176 0.0123 0.0343 0.0100 0.0196 0.0209 
163.2000 0.6170 0.0154 0.0165 0.0147 0.0300 0.0089 0.0204 0.0218 
163.4000 0.6154 0.0195 0.0180 0.0173 0.0288 0.0094 0.0206 0.0223 
163.6000 0.6173 0.0248 0.0178 0.0180 0.0219 0.0091 0.0212 0.0207 
163.8000 0.6154 0.0280 0.0196 0.0196 0.0208 0.0093 0.0208 0.0208 
164.0000 0.6167 0.0307 0.0195 0.0183 0.0147 0.0087 0.0199 0.0209 
164.2000 0.6164 0.0331 0.0207 0.0173 0.0120 0.0088 0.0206 0.0203 
164.4000 0.6145 0.0305 0.0186 0.0127 0.0083 0.0083 0.0202 0.0198 
164.6000 0.6154 0.0307 0.0200 0.0095 0.0070 0.0091 0.0205 0.0200 
164.8000 0.6174 0.0272 0.0189 0.0039 0.0043 0.0070 0.0203 0.0191 
165.0000 0.6173 0.0258 0.0201 0.0024 0.0060 0.0079 0.0202 0.0208 
165.2000 0.6198 0.0251 0.0173 -0.0024 0.0072 0.0068 0.0201 0.0211 
165.4000 0.6196 0.0263 0.0196 -0.0010 0.0105 0.0070 0.0199 0.0209 
165.6000 0.6210 0.0274 0.0185 0.0001 0.0158 0.0055 0.0196 0.0212 
165.8000 0.6196 0.0286 0.0192 0.0030 0.0212 0.0064 0.0192 0.0214 
166.0000 0.6217 0.0307 0.0187 0.0074 0.0271 0.0062 0.0196 0.0223 
166.2000 0.6200 0.0325 0.0197 0.0107 0.0322 0.0061 0.0199 0.0223 
166.4000 0.6185 0.0305 0.0207 0.0168 0.0392 0.0065 0.0197 0.0221 
166.6000 0.6200 0.0312 0.0207 0.0184 0.0424 0.0074 0.0198 0.0223 
166.8000 0.6202 0.0257 0.0217 0.0217 0.0428 0.0081 0.0206 0.0215 
167.0000 0.6203 0.0244 0.0219 0.0212 0.0425 0.0099 0.0211 0.0217 
167.2000 0.6224 0.0168 0.0211 0.0196 0.0365 0.0112 0.0210 0.0203 
167.4000 0.6211 0.0143 0.0218 0.0192 0.0344 0.0124 0.0215 0.0207 
167.6000 0.6240 0.0104 0.0200 0.0140 0.0238 0.0119 0.0206 0.0210 
167.8000 0.6248 0.0093 0.0198 0.0142 0.0186 0.0123 0.0202 0.0215 
168.0000 0.6256 0.0080 0.0168 0.0094 0.0099 0.0109 0.0195 0.0211 
168.2000 0.6242 0.0112 0.0166 0.0088 0.0071 0.0106 0.0203 0.0209 
168.4000 0.6235 0.0130 0.0143 0.0074 0.0027 0.0101 0.0201 0.0206 
168.6000 0.6233 0.0174 0.0138 0.0069 0.0017 0.0105 0.0205 0.0212 
168.8000 0.6233 0.0231 0.0130 0.0050 0.0046 0.0075 0.0200 0.0209 
169.0000 0.6211 0.0266 0.0141 0.0056 0.0072 0.0084 0.0205 0.0220 
169.2000 0.6209 0.0320 0.0139 0.0054 0.0122 0.0075 0.0191 0.0210 
169.4000 0.6181 0.0336 0.0146 0.0063 0.0153 0.0077 0.0195 0.0214 
169.6000 0.6191 0.0350 0.0139 0.0084 0.0225 0.0072 0.0196 0.0210 
169.8000 0.6184 0.0363 0.0153 0.0096 0.0260 0.0081 0.0207 0.0212 
170.0000 0.6173 0.0331 0.0152 0.0120 0.0297 0.0084 0.0197 0.0198 
170.2000 0.6155 0.0302 0.0159 0.0139 0.0319 0.0080 0.0199 0.0208 
170.4000 0.6136 0.0237 0.0143 0.0168 0.0312 0.0080 0.0191 0.0198 
170.6000 0.6114 0.0222 0.0160 0.0186 0.0313 0.0097 0.0214 0.0208 
170.8000 0.6110 0.0164 0.0140 0.0198 0.0268 0.0080 0.0200 0.0197 
171.0000 0.6099 0.0175 0.0149 0.0237 0.0244 0.0096 0.0213 0.0218 
171.2000 0.6104 0.0168 0.0153 0.0231 0.0198 0.0090 0.0210 0.0212 
171.4000 0.6088 0.0192 0.0157 0.0276 0.0173 0.0114 0.0212 0.0227 
171.6000 0.6079 0.0215 0.0167 0.0355 0.0144 0.0115 0.0213 0.0215 
171.8000 0.6090 0.0253 0.0181 0.0443 0.0137 0.0117 0.0211 0.0220 
172.0000 0.6079 0.0278 0.0178 0.0587 0.0128 0.0100 0.0213 0.0212 
172.2000 0.6077 0.0309 0.0186 0.0667 0.0137 0.0104 0.0214 0.0216 
172.4000 0.6125 0.0318 0.0178 0.0942 0.0154 0.0102 0.0202 0.0225 
172.6000 0.6110 0.0324 0.0190 0.1108 0.0175 0.0100 0.0195 0.0216 
172.8000 0.6149 0.0298 0.0177 0.1295 0.0198 0.0100 0.0197 0.0197 
173.0000 0.6153 0.0273 0.0188 0.1420 0.0235 0.0104 0.0194 0.0212 
173.2000 0.6183 0.0241 0.0174 0.1497 0.0234 0.0096 0.0186 0.0207 
173.4000 0.6181 0.0219 0.0188 0.1506 0.0265 0.0108 0.0201 0.0225 
173.6000 0.6220 0.0177 0.0173 0.1414 0.0264 0.0095 0.0190 0.0209 
173.8000 0.6211 0.0169 0.0177 0.1345 0.0276 0.0105 0.0207 0.0222 
174.0000 0.6250 0.0169 0.0177 0.1091 0.0274 0.0097 0.0201 0.0225 
174.2000 0.6230 0.0193 0.0173 0.0935 0.0275 0.0112 0.0199 0.0219 
174.4000 0.6258 0.0195 0.0159 0.0629 0.0242 0.0103 0.0196 0.0222 
174.6000 0.6267 0.0210 0.0156 0.0505 0.0244 0.0124 0.0214 0.0217 
174.8000 0.6275 0.0213 0.0134 0.0244 0.0218 0.0126 0.0209 0.0217 
175.0000 0.6280 0.0224 0.0124 0.0141 0.0199 0.0128 0.0213 0.0216 
175.2000 0.6263 0.0218 0.0102 0.0010 0.0163 0.0129 0.0200 0.0206 
175.4000 0.6263 0.0223 0.0114 -0.0018 0.0171 0.0136 0.0207 0.0205 
175.6000 0.6278 0.0201 0.0088 -0.0042 0.0141 0.0133 0.0194 0.0212 
175.8000 0.6231 0.0188 0.0090 -0.0023 0.0151 0.0146 0.0205 0.0212 
176.0000 0.6257 0.0172 0.0084 0.0010 0.0122 0.0126 0.0186 0.0200 
176.2000 0.6225 0.0158 0.0093 0.0061 0.0128 0.0132 0.0189 0.0212 
176.4000 0.6227 0.0164 0.0100 0.0135 0.0127 0.0122 0.0189 0.0222 
176.6000 0.6200 0.0182 0.0116 0.0174 0.0156 0.0111 0.0186 0.0206 
176.8000 0.6178 0.0189 0.0113 0.0213 0.0155 0.0098 0.0181 0.0209 
177.0000 0.6187 0.0215 0.0118 0.0206 0.0180 0.0090 0.0195 0.0221 
177.2000 0.6159 0.0235 0.0123 0.0185 0.0193 0.0073 0.0193 0.0211 
177.4000 0.6144 0.0270 0.0145 0.0170 0.0209 0.0080 0.0203 0.0219 
177.6000 0.6143 0.0292 0.0144 0.0106 0.0225 0.0070 0.0190 0.0214 
177.8000 0.6132 0.0305 0.0160 0.0076 0.0259 0.0078 0.0195 0.0210 
178.0000 0.6138 0.0294 0.0160 0.0038 0.0277 0.0080 0.0188 0.0202 
178.2000 0.6106 0.0305 0.0179 0.0016 0.0303 0.0083 0.0193 0.0212 
178.4000 0.6142 0.0276 0.0180 -0.0002 0.0330 0.0087 0.0193 0.0199 
178.6000 0.6108 0.0274 0.0192 0.0015 0.0357 0.0105 0.0190 0.0212 
178.8000 0.6127 0.0216 0.0190 0.0007 0.0338 0.0114 0.0197 0.0212 
179.0000 0.6122 0.0206 0.0200 0.0043 0.0360 0.0118 0.0213 0.0200 
179.2000 0.6120 0.0172 0.0194 0.0064 0.0316 0.0111 0.0191 0.0207 
179.4000 0.6123 0.0167 0.0203 0.0085 0.0297 0.0116 0.0210 0.0211 
179.6000 0.6141 0.0148 0.0195 0.0101 0.0213 0.0105 0.0210 0.0206 
179.8000 0.6135 0.0153 0.0204 0.0116 0.0165 0.0112 0.0197 0.0210 
180.0000 0.6160 0.0174 0.0193 0.0111 0.0084 0.0091 0.0191 0.0204 
180.2000 0.6166 0.0203 0.0201 0.0105 0.0061 0.0074 0.0202 0.0203 
180.4000 0.6171 0.0218 0.0188 0.0093 0.0007 0.0052 0.0204 0.0204 
180.6000 0.6180 0.0251 0.0189 0.0093 0.0013 0.0053 0.0211 0.0201 
180.8000 0.6205 0.0257 0.0194 0.0069 0.0020 0.0042 0.0197 0.0202 
181.0000 0.6196 0.0273 0.0199 0.0082 0.0057 0.0044 0.0198 0.0218 
181.2000 0.6223 0.0251 0.0177 0.0078 0.0112 0.0041 0.0202 0.0223 
181.4000 0.6204 0.0254 0.0192 0.0080 0.0168 0.0047 0.0205 0.0223 
181.6000 0.6242 0.0226 0.0173 0.0079 0.0249 0.0050 0.0194 0.0213 
181.8000 0.6217 0.0221 0.0176 0.0078 0.0290 0.0075 0.0201 0.0226 
182.0000 0.6237 0.0199 0.0171 0.0080 0.0337 0.0076 0.0187 0.0220 
182.2000 0.6226 0.0208 0.0180 0.0100 0.0356 0.0077 0.0196 0.0220 
182.4000 0.6232 0.0196 0.0180 0.0117 0.0355 0.0085 0.0190 0.0219 
182.6000 0.6210 0.0216 0.0183 0.0148 0.0344 0.0094 0.0201 0.0218 
182.8000 0.6207 0.0227 0.0162 0.0182 0.0291 0.0100 0.0198 0.0216 
183.0000 0.6192 0.0248 0.0169 0.0202 0.0272 0.0097 0.0208 0.0207 
183.2000 0.6213 0.0250 0.0158 0.0207 0.0194 0.0091 0.0206 0.0214 
183.4000 0.6196 0.0260 0.0157 0.0217 0.0172 0.0107 0.0204 0.0214 
183.6000 0.6198 0.0245 0.0145 0.0179 0.0100 0.0107 0.0210 0.0203 
183.8000 0.6195 0.0247 0.0161 0.0159 0.0090 0.0120 0.0207 0.0207 
184.0000 0.6201 0.0216 0.0144 0.0102 0.0042 0.0116 0.0200 0.0211 
184.2000 0.6190 0.0235 0.0154 0.0087 0.0044 0.0125 0.0206 0.0202 
184.4000 0.6206 0.0211 0.0146 0.0023 0.0037 0.0121 0.0198 0.0198 
184.6000 0.6189 0.0220 0.0156 0.0009 0.0063 0.0136 0.0206 0.0204 
184.8000 0.6216 0.0227 0.0165 -0.0014 0.0106 0.0145 0.0205 0.0202 
185.0000 0.6191 0.0241 0.0180 0.0008 0.0139 0.0147 0.0207 0.0205 
185.2000 0.6196 0.0261 0.0184 0.0032 0.0207 0.0152 0.0204 0.0209 
185.4000 0.6198 0.0271 0.0200 0.0068 0.0255 0.0154 0.0208 0.0208 
185.6000 0.6213 0.0267 0.0191 0.0105 0.0292 0.0147 0.0207 0.0209 
185.8000 0.6205 0.0291 0.0213 0.0140 0.0325 0.0141 0.0208 0.0210 
186.0000 0.6201 0.0268 0.0206 0.0158 0.0332 0.0130 0.0209 0.0217 
186.2000 0.6210 0.0268 0.0217 0.0176 0.0328 0.0128 0.0209 0.0229 
186.4000 0.6229 0.0238 0.0198 0.0167 0.0292 0.0102 0.0208 0.0211 
186.6000 0.6213 0.0216 0.0204 0.0175 0.0274 0.0101 0.0205 0.0221 
186.8000 0.6240 0.0179 0.0181 0.0150 0.0207 0.0077 0.0206 0.0205 
187.0000 0.6246 0.0179 0.0185 0.0155 0.0192 0.0070 0.0212 0.0210 
187.2000 0.6250 0.0154 0.0157 0.0138 0.0133 0.0054 0.0199 0.0208 
187.4000 0.6234 0.0162 0.0179 0.0144 0.0107 0.0057 0.0213 0.0210 
187.6000 0.6260 0.0154 0.0152 0.0127 0.0069 0.0048 0.0207 0.0204 
187.8000 0.6249 0.0185 0.0162 0.0127 0.0064 0.0060 0.0204 0.0202 
188.0000 0.6246 0.0213 0.0156 0.0111 0.0073 0.0055 0.0204 0.0200 
188.2000 0.6228 0.0253 0.0159 0.0104 0.0093 0.0076 0.0200 0.0207 
188.4000 0.6252 0.0283 0.0163 0.0087 0.0139 0.0081 0.0190 0.0209 
188.6000 0.6247 0.0335 0.0190 0.0098 0.0181 0.0085 0.0196 0.0214 
188.8000 0.6249 0.0358 0.0193 0.0088 0.0229 0.0096 0.0190 0.0213 
189.0000 0.6236 0.0397 0.0198 0.0086 0.0287 0.0110 0.0197 0.0217 
189.2000 0.6238 0.0403 0.0199 0.0098 0.0330 0.0103 0.0184 0.0220 
189.4000 0.6232 0.0409 0.0207 0.0106 0.0355 0.0112 0.0197 0.0223 
189.6000 0.6243 0.0374 0.0209 0.0105 0.0357 0.0116 0.0200 0.0213 
189.8000 0.6247 0.0347 0.0223 0.0128 0.0368 0.0113 0.0211 0.0214 
190.0000 0.6264 0.0284 0.0204 0.0112 0.0313 0.0111 0.0206 0.0207 
190.2000 0.6243 0.0249 0.0220 0.0110 0.0279 0.0115 0.0208 0.0214 
190.4000 0.6256 0.0169 0.0206 0.0093 0.0194 0.0113 0.0200 0.0211 
190.6000 0.6246 0.0146 0.0211 0.0091 0.0158 0.0113 0.0196 0.0202 
190.8000 0.6256 0.0098 0.0193 0.0065 0.0083 0.0105 0.0193 0.0199 
191.0000 0.6251 0.0096 0.0193 0.0070 0.0057 0.0097 0.0195 0.0214 
191.2000 0.6255 0.0083 0.0175 0.0067 0.0037 0.0093 0.0177 0.0204 
191.4000 0.6232 0.0108 0.0183 0.0081 0.0053 0.0103 0.0195 0.0208 
191.6000 0.6254 0.0132 0.0159 0.0076 0.0075 0.0106 0.0191 0.0208 
191.8000 0.6243 0.0164 0.0167 0.0080 0.0111 0.0111 0.0202 0.0209 
192.0000 0.6392 0.0341 0.0308 0.0236 0.0322 0.0245 0.0348 0.0358 
192.2000 0.6397 0.0380 0.0314 0.0233 0.0355 0.0248 0.0356 0.0361 
192.4000 0.6231 0.0256 0.0152 0.0082 0.0244 0.0084 0.0192 0.0204 
192.6000 0.6240 0.0276 0.0163 0.0081 0.0275 0.0090 0.0199 0.0213 
192.8000 0.6233 0.0283 0.0145 0.0069 0.0276 0.0073 0.0202 0.0208 
193.0000 0.6251 0.0324 0.0163 0.0079 0.0291 0.0081 0.0200 0.0212 
193.2000 0.6265 0.0320 0.0131 0.0083 0.0261 0.0066 0.0197 0.0213 
193.4000 0.6267 0.0340 0.0139 0.0106 0.0262 0.0065 0.0197 0.0211 
193.6000 0.6276 0.0320 0.0129 0.0120 0.0229 0.0053 0.0196 0.0211 
193.8000 0.6269 0.0327 0.0132 0.0134 0.0222 0.0062 0.0204 0.0217 
194.0000 0.6267 0.0296 0.0127 0.0159 0.0210 0.0067 0.0186 0.0204 
194.2000 0.6279 0.0286 0.0150 0.0171 0.0217 0.0072 0.0196 0.0207 
194.4000 0.6260 0.0251 0.0154 0.0169 0.0226 0.0072 0.0198 0.0207 
194.6000 0.6287 0.0243 0.0167 0.0155 0.0234 0.0100 0.0189 0.0210 
194.8000 0.6272 0.0203 0.0160 0.0124 0.0245 0.0089 0.0191 0.0204 
195.0000 0.6278 0.0190 0.0177 0.0114 0.0271 0.0087 0.0199 0.0206 
195.2000 0.6277 0.0164 0.0185 0.0066 0.0250 0.0084 0.0201 0.0200 
195.4000 0.6263 0.0154 0.0193 0.0067 0.0262 0.0099 0.0202 0.0212 
195.6000 0.6249 0.0137 0.0177 0.0044 0.0230 0.0090 0.0205 0.0200 
195.8000 0.6249 0.0159 0.0176 0.0061 0.0221 0.0103 0.0205 0.0203 
196.0000 0.6256 0.0163 0.0162 0.0060 0.0165 0.0097 0.0197 0.0205 
196.2000 0.6261 0.0192 0.0176 0.0081 0.0156 0.0109 0.0195 0.0206 
196.4000 0.6257 0.0212 0.0159 0.0099 0.0097 0.0097 0.0180 0.0198 
196.6000 0.6248 0.0252 0.0171 0.0118 0.0094 0.0097 0.0191 0.0203 
196.8000 0.6281 0.0288 0.0155 0.0106 0.0084 0.0095 0.0187 0.0206 
197.0000 0.6260 0.0308 0.0162 0.0123 0.0098 0.0095 0.0182 0.0206 
197.2000 0.6274 0.0324 0.0163 0.0100 0.0115 0.0087 0.0174 0.0194 
197.4000 0.6282 0.0338 0.0178 0.0104 0.0172 0.0088 0.0192 0.0202 
197.6000 0.6268 0.0313 0.0178 0.0085 0.0222 0.0085 0.0179 0.0204 
197.8000 0.6268 0.0310 0.0193 0.0086 0.0253 0.0089 0.0191 0.0208 
198.0000 0.6275 0.0250 0.0179 0.0071 0.0290 0.0077 0.0178 0.0206 
198.2000 0.6276 0.0216 0.0186 0.0088 0.0313 0.0091 0.0189 0.0211 
198.4000 0.6268 0.0152 0.0175 0.0086 0.0306 0.0079 0.0180 0.0213 
198.6000 0.6268 0.0119 0.0181 0.0098 0.0295 0.0086 0.0200 0.0216 
198.8000 0.6288 0.0060 0.0173 0.0105 0.0238 0.0079 0.0193 0.0228 
199.0000 0.6305 0.0066 0.0190 0.0119 0.0211 0.0093 0.0205 0.0217 
199.2000 0.6306 0.0063 0.0178 0.0115 0.0159 0.0094 0.0211 0.0222 
199.4000 0.6304 0.0087 0.0206 0.0122 0.0149 0.0105 0.0221 0.0232 
199.6000 0.6324 0.0127 0.0187 0.0114 0.0111 0.0116 0.0217 0.0232 
199.8000 0.6332 0.0186 0.0198 0.0114 0.0117 0.0123 0.0209 0.0236 
200.0000 0.6329 0.0251 0.0193 0.0111 0.0135 0.0126 0.0213 0.0233 
200.2000 0.6320 0.0324 0.0197 0.0112 0.0168 0.0145 0.0207 0.0239 
200.4000 0.6334 0.0355 0.0180 0.0102 0.0208 0.0140 0.0214 0.0224 
200.6000 0.6331 0.0394 0.0186 0.0110 0.0243 0.0150 0.0211 0.0227 
200.8000 0.6327 0.0404 0.0159 0.0092 0.0298 0.0137 0.0201 0.0221 
201.0000 0.6307 0.0394 0.0164 0.0105 0.0334 0.0149 0.0207 0.0216 
201.2000 0.6333 0.0354 0.0135 0.0102 0.0359 0.0125 0.0208 0.0219 
201.4000 0.6322 0.0334 0.0132 0.0115 0.0372 0.0124 0.0206 0.0222 
201.6000 0.6331 0.0277 0.0119 0.0104 0.0361 0.0098 0.0201 0.0207 
201.8000 0.6314 0.0258 0.0115 0.0132 0.0365 0.0105 0.0193 0.0220 
202.0000 0.6306 0.0231 0.0106 0.0136 0.0308 0.0088 0.0193 0.0200 
202.2000 0.6320 0.0224 0.0127 0.0158 0.0281 0.0106 0.0193 0.0206 
202.4000 0.6318 0.0219 0.0117 0.0177 0.0211 0.0086 0.0185 0.0189 
202.6000 0.6317 0.0231 0.0121 0.0182 0.0193 0.0101 0.0191 0.0201 
202.8000 0.6325 0.0241 0.0120 0.0145 0.0117 0.0093 0.0177 0.0191 
203.0000 0.6345 0.0238 0.0132 0.0154 0.0108 0.0106 0.0192 0.0200 
203.2000 0.6386 0.0214 0.0120 0.0095 0.0070 0.0088 0.0171 0.0180 
203.4000 0.6417 0.0202 0.0126 0.0070 0.0075 0.0097 0.0180 0.0181 
203.6000 0.6465 0.0156 0.0098 0.0005 0.0063 0.0070 0.0139 0.0153 
203.8000 0.6497 0.0132 0.0113 -0.0026 0.0086 0.0081 0.0141 0.0149 
204.0000 0.6538 0.0087 0.0086 -0.0069 0.0112 0.0046 0.0113 0.0129 
204.2000 0.6549 0.0092 0.0102 -0.0063 0.0139 0.0050 0.0121 0.0127 
204.4000 0.6545 0.0079 0.0096 -0.0057 0.0167 0.0027 0.0103 0.0117 
204.6000 0.6535 0.0101 0.0117 -0.0029 0.0200 0.0035 0.0111 0.0117 


